-1.328575850723074867e-02 1.012144871838771776e+00 -2.101190703999568019e-03
1.496394694582594553e-01 1.015399723709650148e+00 2.299564537234326592e-02
-3.040255123400981696e-01 -8.333388759067564266e-02 -1.765061532157927854e-02
-2.851322714633979793e-01 3.132004769109955067e-01 -1.212084948604229794e-02
-2.462865706024637280e-01 -8.837752119816298935e-01 1.902128989413280971e-02
-1.328085254772700952e-01 1.021345254908542444e+00 1.947069020706440959e-03
-1.648790922086664501e-01 -9.815280194238709122e-01 -2.445880368483849612e-02
-2.615093312258723324e-01 -2.691628853485766859e-01 7.274548412475157801e-03
1.138184020017609932e-01 1.005975708844715433e+00 4.625350876296813185e-02
-2.862253057161121550e-01 7.373652034062118110e-01 1.197644710350659683e-03
3.382436553559617365e-01 1.009942414310933900e+00 -1.526326063334076076e-02
3.785402386972396005e-02 -1.024278503167570742e+00 -1.817737301849486550e-02
7.245447845367272155e-01 -8.216213299163075412e-01 -8.095327380666636485e-03
2.575996453827721772e-02 1.027873300809236445e+00 9.593540826813679381e-03
-2.821482835682997958e-01 -1.944299519384712627e-01 -2.398408774700544130e-02
-2.764862380025602251e-01 -9.851722210360915888e-01 -3.136560809909265390e-02
3.336795841346426594e-01 1.004839547637107033e+00 5.523969124719175193e-03
5.476498466754924355e-01 -1.004590592382996972e+00 -2.263629520955734095e-02
6.198796330194237258e-01 -9.787282111821847819e-01 -2.643756965413492435e-02
7.326694166856270174e-01 -2.380579497088587126e-01 1.800620923521480468e-02
-1.435077132601471350e-01 -1.007563159053479040e+00 1.102016698642174601e-02
4.934736267360484985e-01 9.952388233872950796e-01 6.993576431862638144e-03
1.663234072806714925e-01 1.010133887898820415e+00 4.596323484168372852e-04
-2.809306525828359491e-01 9.971261132340616395e-01 -1.608874436433250718e-02
-2.389557144532075683e-01 -5.788950937265162355e-02 1.101615412991964471e-02
8.501707762474135233e-02 -9.924652419693840155e-01 -8.152497497502561585e-03
4.862355373129005343e-01 -9.948271453627648420e-01 -2.865787420067614916e-02
-1.430230294722679429e-01 1.007511200307022570e+00 8.302390056026969292e-03
6.780587299065430340e-01 1.004679689319490254e+00 1.561382675439235319e-02
4.318446338037763566e-01 1.003355661740811033e+00 -1.127143605016904006e-02
7.342894097927298303e-01 -7.276754396151199344e-01 8.835306093338868988e-03
4.124278112066982471e-01 9.896803995386705965e-01 9.791919990787359765e-03
8.060192447037111199e-03 -9.607345288697655139e-01 2.305217130896254976e-02
4.855821347678431765e-01 -9.992498520024595265e-01 -2.286703449682772962e-02
-1.041453838270379323e-01 9.785656675321626752e-01 5.097206483470224101e-04
-3.105932983366161415e-01 -4.382725386575078708e-01 -2.948288781069580144e-02
5.762446213767338232e-01 -1.023327431168174151e+00 -6.256633233307221792e-03
5.051094577745780523e-01 9.946029748148030869e-01 1.636135890173244295e-03
7.065796778768252961e-01 9.823157656148748806e-01 1.122673389792636865e-04
7.395695348133553004e-01 -2.177659164203871178e-01 9.205803831017494651e-03
-2.886915114389766446e-01 -1.390283054311799438e-01 8.285531713862400241e-03
6.616259978619111193e-01 -1.636798339439884398e-01 -2.522934762993454122e-02
5.839130891051543815e-01 1.031649714365562964e+00 -1.953523862705675712e-02
4.302250981928423257e-01 -9.825752696558415211e-01 2.866720407564787160e-02
3.958065621303177850e-01 9.967104581863113211e-01 8.230444113024879341e-03
1.587419806102538800e-01 -9.870869119104007661e-01 6.798331908238315624e-03
3.769818155354801720e-02 1.019108960000150166e+00 2.268692891277583959e-02
-2.966287800749244918e-01 -8.102827884492505017e-01 -3.992213984538995133e-03
-2.748886148213756098e-01 -2.649416504486030166e-01 2.023052823003195985e-02
1.585928908391887604e-01 9.658688855347770108e-01 5.637232324260803805e-03
-3.005897483045718022e-01 -4.961179094736684059e-01 2.112876375652510130e-02
-2.804791127891373970e-01 9.882827234992896948e-01 -3.171359380269588718e-02
2.406209600243374991e-01 -1.000975729277182591e+00 -4.880075563432850067e-03
1.527579688763854304e-01 1.044012490430655360e+00 4.148318670998594158e-03
-2.670332111730123748e-01 5.799026157680117199e-01 -4.328386503711270650e-03
8.137221236145611436e-02 -1.002649384208422312e+00 9.382491745259421631e-03
7.050419642305226775e-01 5.103305056923413963e-01 -1.157340628858361670e-02
7.286749009846246183e-01 5.785091493485517988e-01 3.083893209212904690e-02
5.423083951325695651e-01 9.891444136115421504e-01 1.006116873591244784e-02
3.436166270868192679e-02 9.674810535831546154e-01 -2.307298879421956425e-02
3.342614036941261024e-01 -9.722994629585958171e-01 -5.535624950282556911e-02
-3.271868482826421620e-01 1.653956976442618951e-02 -6.205488249264153044e-03
7.399281854048208595e-01 2.390521949780889110e-01 6.276498016489863441e-02
7.592608211518828698e-01 -8.780792281021382317e-01 -4.860902300698923505e-03
-2.770007291383098647e-01 8.885669808927052493e-01 -1.716794373306515520e-02
-1.956926466550208410e-01 9.945471946514465866e-01 1.536660707294148359e-02
-2.859848105587007860e-01 -6.547658551075529187e-01 -1.756469793117602582e-02
6.997824921000624920e-01 -3.922779919952442129e-01 -2.117695603740929466e-02
1.077962254339565468e-01 -1.040293874936740748e+00 1.214845032654940371e-02
7.311598696966306044e-01 -1.796848775555921485e-01 1.254056432442406110e-02
7.077709029840436594e-01 5.006680146796667064e-01 -3.511981005865226664e-03
6.571251825198137775e-01 -1.043685941777851678e+00 -2.749918337883126493e-02
-2.676204202731917170e-01 2.828128253297588213e-01 -1.729050589689563530e-02
2.472530667608063837e-01 -1.000507225379194010e+00 -3.436377498357898186e-02
3.223903228744420257e-01 9.625814141652868638e-01 -6.634739611227030535e-03
7.372427370444190053e-01 -9.442606428254601836e-01 -3.919884179097663651e-02
-2.670332106949738216e-01 1.156657930776825854e-01 -2.141953356549589765e-02
7.375211108257313519e-01 -2.087444782280342692e-01 -2.897418199889008252e-03
7.080681989382381358e-01 2.219412199482144743e-01 -4.281797291242549902e-02
7.246301046312427774e-01 -1.592117509160573818e-01 -2.363468465175655453e-02
4.409573138292262051e-01 -9.991419770442075965e-01 5.286602211494851553e-05
7.026793765977682460e-01 -1.463892195593200218e-01 -7.886915820952716816e-03
7.379205357699775147e-01 4.779492200963054716e-01 -3.898572636167943733e-03
-2.708086435011500814e-01 -9.234972709967872451e-01 -2.936693340394193178e-04
7.689011483384623480e-01 -3.592013736293331316e-01 -5.931844362358495992e-04
3.982983425390530519e-01 -1.024420469490268104e+00 -8.932439524029623865e-03
-2.654908399486205495e-01 2.617161919753041577e-01 -2.802557340410649633e-02
4.509305323670547150e-01 -1.040326576725056462e+00 9.138507223785227035e-03
-2.822573139245331264e-01 9.965966597657719417e-01 -7.822354272196128597e-03
-2.816054283068816222e-01 9.601069102067129046e-01 1.839688898590893795e-02
7.162066513741340845e-01 2.230024248490229122e-01 -3.078982012586086239e-02
3.131369540363734827e-01 1.019327187116492173e+00 1.815020558943309520e-02
-2.389817937381937263e-01 1.001296718798933449e+00 -9.450784632887556866e-03
6.269502262568956708e-01 1.000511208218662240e+00 -9.173554639941253197e-03
7.093687654322203828e-01 -9.282320181378697077e-01 -1.457684923036909642e-02
7.028787004939636152e-01 2.288145867271348666e-01 9.721508579048208920e-03
5.158427051190644930e-01 1.023083698963044297e+00 -1.963534452834755917e-02
7.102804881487272404e-01 -9.549013551148701762e-01 5.003304042879035476e-03
2.595709055017387801e-01 -9.626250808934130321e-01 -2.746348783449183498e-02
-2.841238797159170160e-01 1.373349775824892968e-02 -1.289677413420956334e-02
7.165941237253511398e-01 -3.835962672148720554e-01 1.671537523945368494e-03
-2.850312556626579674e-01 -3.513873291191078052e-01 -1.330421934733735413e-02
-2.301025530483127579e-01 -6.130744310754595583e-01 -1.224260456562322082e-02
3.451629235605477852e-01 9.835824914724300427e-01 -4.580884664754467962e-03
-4.679185118600014126e-02 -1.058677372899367919e+00 -5.883209616365053102e-03
-1.007475274431776646e-04 1.010251862154483815e+00 1.340994803468684680e-02
7.490233697252228762e-01 5.746431800856529604e-01 -1.372091990987944592e-02
7.055186492407389265e-01 8.382964188241355252e-01 -1.621737877444599796e-02
6.946964996878577381e-01 -4.740651470246163846e-01 2.986604843643615378e-02
-2.781621030439019315e-01 -6.342926119191762968e-01 3.205280784064683947e-02
-3.048392553425912088e-01 -8.036195818322147133e-01 3.927431574270227876e-02
6.068516945793405171e-01 9.983361823174921046e-01 -3.123537185859582514e-03
-2.922148628207399401e-01 -9.957445305526889667e-01 2.511619236512769790e-02
5.376975652519612181e-01 -9.628783688856712430e-01 -3.150973283080864273e-02
-2.739070826634217304e-01 -6.694873118902630038e-01 9.243588089041788330e-03
-2.542179650401449331e-01 -5.212281104836866685e-01 1.538596161992477999e-02
7.034333484396920744e-01 1.807537262583888416e-01 2.047626210258053896e-03
7.018874074469596547e-01 8.558969816283187315e-01 -7.310885587576786311e-03
7.228440610448001458e-01 4.480298898169947086e-01 1.666016525808967311e-03
7.272586725381777750e-01 -6.361391059193047814e-01 1.668997861437997166e-02
-2.725024261461116426e-01 3.444543064452211256e-01 -1.945418758553062871e-02
-2.819210644184790837e-01 3.652494870366073121e-01 3.391765146723712404e-02
7.216136975541356247e-01 5.199931556831640656e-01 3.656519852051185598e-02
7.207668627609786771e-01 4.831280224723292216e-01 1.720487985232582034e-02
-2.728269738278238932e-01 -1.765057813820868626e-01 -2.640519113297966000e-02
7.274373581906065644e-02 -1.021949717356717358e+00 -1.267946784153112932e-02
1.547588139878113001e-01 -1.004727871204679657e+00 2.469203634429844446e-02
6.289194620087514842e-01 -1.011336458916794578e+00 3.887524976071780099e-03
-2.943825629232646457e-01 -3.364235740972063571e-01 -1.971293186960228379e-03
2.597999946731192611e-01 -1.026085251038466373e+00 -1.092079014888996773e-02
-2.668317143603886055e-01 7.548191185688112315e-01 -2.168751298493541962e-03
2.204609270881061345e-01 -1.002122519132841783e+00 1.314525456449808227e-02
7.388404977704750021e-01 2.227126020824104213e-01 -4.085271396158877966e-02
1.791646122359141224e-01 9.922798124843678069e-01 -4.547282881597920247e-03
1.698106997489997050e-01 -1.013316265173769715e+00 -8.684481009458067113e-03
4.941328212876281989e-01 9.961665276573367089e-01 -2.101685534893975305e-02
7.057681678705348682e-01 -4.995897578019825591e-01 -1.876540550526773973e-02
-2.238260529377279762e-01 1.453733296914657691e-01 -2.141738853596479933e-02
6.964839621527896263e-01 -9.860855467022290322e-01 -3.157698337813385353e-03
-3.084257362893166321e-01 -7.049069671174488239e-01 5.944283441515294669e-04
6.127316784216575718e-02 1.017009101883017852e+00 1.786193671224678209e-03
6.140928763091021425e-01 -9.692247230926119839e-01 -2.887075349007696412e-02
1.466708908610730167e-01 -9.871993665231856285e-01 5.187059841032680071e-03
3.366244455748083619e-01 -1.017967046128921638e+00 -4.332729772626514424e-03
3.690986966187967400e-01 -9.849790900668820015e-01 9.267949463735755677e-03
-2.854939848361089383e-01 -9.796209749948857626e-01 5.260454965868040407e-03
2.755627132041466587e-01 1.016569093634635657e+00 4.120888215772553105e-03
-2.514253174521610679e-01 -9.806307640678421089e-01 -1.388536064162140989e-02
6.914343632732202760e-01 -9.792913141058421367e-01 5.078973955418464303e-02
5.322608371962702645e-01 1.008472771895348119e+00 3.299269065587768363e-03
5.900797559798184322e-01 -9.795810057691697326e-01 9.641743901494855690e-03
5.013270287337736608e-01 1.020270591980523500e+00 -3.885360229023348058e-03
-2.580494338180355229e-01 3.389981568914862686e-01 7.006139748244350797e-03
-2.659082057222604267e-01 -6.222810248213594964e-01 2.057258653401409024e-02
-2.951265712461827451e-01 -7.473878104432188363e-02 -1.188366791100592228e-02
7.298123003181838930e-01 1.734863373735419934e-01 -5.641006581855729889e-03
-2.602260815258208293e-01 -8.371192290373636880e-01 -2.608631686327135546e-02
-2.617616366196711120e-01 4.372214264268310946e-01 2.347625813967699118e-03
6.640719706728716032e-01 -9.908391959041025210e-01 -8.794577490172591355e-03
6.938303391545400656e-01 -5.432251541937558326e-01 -1.972044178543174917e-02
6.933228879299606628e-01 5.176803793739617188e-01 8.359260840980986540e-03
-2.906735082202410725e-01 -1.301473465734269697e-01 -5.769659158588227518e-03
-2.811891708379818944e-01 7.650644043392482718e-01 1.432654357585348183e-02
-1.363944370635468695e-01 -1.021217503465085219e+00 2.318919734453688680e-02
2.262995002371434583e-02 -1.000539527456788313e+00 1.724307915023975957e-02
1.005357198580385525e-01 -9.870936585063384561e-01 -1.066683587105511036e-03
6.596873363204888152e-01 -3.842034398899651926e-01 1.418314253252764452e-02
7.827913081997373013e-02 -9.998714203890163299e-01 -1.090811165696242355e-02
7.273752941729172417e-01 -2.471433689852153004e-01 -3.177952763595471523e-03
-1.331411052311497478e-01 -1.045271488370598245e+00 -7.757213813851220573e-03
-2.733339808040281538e-01 6.253055642292677518e-01 2.012514354332317623e-02
6.379663919521638693e-01 -1.007905984779984054e+00 -2.397844549872169342e-02
-2.397685448670676400e-01 9.686756932050477609e-01 -1.384880841359012633e-02
-2.411645401206565786e-01 9.730760904928773547e-01 1.683133904718379925e-02
-1.467497882938040010e-01 -9.796079353911274490e-01 -7.527879327259581754e-03
3.883212164275777478e-02 9.889337214399049891e-01 1.614384266086337991e-02
1.756032089610598881e-02 -9.899263732497729507e-01 2.045768924909542250e-02
7.328668127288231471e-01 -7.276319593445800260e-01 -9.398814659665201063e-03
3.454176819123902509e-01 -9.824222846392849373e-01 -2.619676081653645947e-02
-2.462731202447317191e-01 5.116318888409239485e-02 4.257627752375808816e-02
7.055112445199047677e-01 -8.403732391790307288e-01 -5.862463634193522399e-03
2.562926546705325270e-01 -9.999369802369352245e-01 1.666874577418015792e-03
-3.011516984813506492e-01 -3.929211913292791625e-01 2.949522140445812873e-02
4.857865547756047286e-01 -1.006365099162262799e+00 3.277326034749618658e-03
4.409440777897149499e-01 -9.995121009893890296e-01 -8.706479225545207118e-03
7.637163544385541791e-02 -9.698911222201644922e-01 2.512839635676483718e-02
5.936764453895281290e-01 -1.005668767426788346e+00 -2.981319154139776533e-03
1.602283681280017857e-01 -9.921031672581517302e-01 -3.721636440932173974e-03
2.975471455223773765e-01 1.008800604573913073e+00 -2.672062424882467105e-03
6.849099046711280003e-01 -9.724229426101762552e-01 1.115300376588763791e-02
7.109368981639820895e-01 -2.569638696604385486e-01 -2.723572052451266393e-02
5.839001823256340096e-01 9.919646882236301533e-01 -2.368348692707369571e-02
7.839695988609995947e-02 1.028069047210225850e+00 4.926476251446948451e-02
2.156316746044755206e-01 -1.016847208290073690e+00 -2.687924615185145749e-02
-2.754780882549005550e-01 2.468409097422901155e-01 -1.998593789158409090e-03
-1.772045866023077773e-02 1.011075869294159491e+00 -2.132797538092681688e-02
6.956740210430153448e-01 -1.002740737144430794e+00 2.236297017647878235e-02
-2.880626619884369410e-01 -2.025337666808230408e-01 -1.102932633566467736e-02
-2.784730149144315492e-01 4.496132396627909866e-01 -3.304442502750901556e-03
3.642735289345103156e-01 -1.008664580415362222e+00 -7.879473303494897302e-03
1.445678717416074566e-01 1.494784801975794331e+00 7.972157524689932329e-02
6.713375444345313081e-01 -2.546236856140938531e+00 -8.110050795388515366e-02
-7.453379494354339663e-02 -5.072436764082510763e-01 3.273596854051646909e-02
2.913482996257310553e-01 2.161753109439040088e+00 3.998020810784286283e-02
7.095317336583992773e-01 -2.043966344795717927e+00 -9.628043591378449007e-03
6.719111894247864480e-01 -7.408331625972310874e-01 -2.812735820856211710e-02
-6.422608169953943902e-01 2.829844763843214039e+00 -9.046378700085051794e-02
1.068447693802834220e-01 -5.979186864331196283e-01 -6.629327289275872837e-02
-7.730987185599814682e-01 -2.550312231704278787e+00 3.963806665778740745e-02
-8.165681681304618467e-01 2.501937618701230548e+00 -4.860656042917204517e-02
-1.155325483403461861e+00 -1.869303534988800974e+00 -9.838329664214238990e-02
5.961388228861095318e-01 1.456876062060569410e+00 1.988709891236783989e-03
-9.699271949891224986e-01 1.156049102508751147e+00 6.580957040274879044e-03
4.716804900092586017e-02 -2.191848147302071226e-01 6.280309003537765111e-02
1.434241831240892884e+00 2.188133549858709337e+00 8.863500263553322767e-02
2.388842318159796196e-01 2.705704776225493546e+00 8.916892017238936541e-02
1.308045328452685618e+00 2.959756462506095254e+00 5.038342958861338761e-02
-6.307396005746673806e-01 5.116520110489277684e-01 9.238689023625817898e-03
-9.187138200820599288e-01 -2.325702311645330145e+00 -3.525351094338145808e-02
1.379297932806927252e+00 -2.107117563495471746e+00 -8.627156158689933130e-02
