4.705593618085416874e-01 1.005458522053636505e+00 6.714282267196772756e-03
8.157244083325170259e-01 -9.895321278930975240e-01 -4.966592785435340607e-03
8.522061808984046083e-01 -3.485563539958647095e-02 2.892910694085791198e-02
1.408605556565086792e-01 1.008837891665909536e+00 3.153715131539425176e-02
-1.344480807908582931e-01 2.431763872871373910e-01 1.749395480407224578e-03
8.646132745105286621e-02 1.004640797412591491e+00 -1.077625509323935395e-02
3.478103501607240355e-01 -1.022040580216039940e+00 -6.661149922178156643e-03
-2.057606565567316470e-01 -1.911236341211958178e-01 2.424038572936310088e-02
8.265550051258214737e-01 -1.771497861053810408e-01 -2.389023323342068499e-03
6.430114057240824410e-01 9.818892481438070696e-01 2.313653180415563976e-02
8.098541691105641815e-01 -1.630146920776696928e-01 5.483554366822331050e-03
8.170201085394818152e-01 -1.033676914134289859e+00 -2.048530913210980589e-02
8.545602179730711345e-01 9.183995436538376911e-01 -5.270798665487586715e-02
5.104251848684134008e-02 9.751809499553382166e-01 -1.965192654359200833e-02
7.924831899894893006e-01 1.001905737570659038e+00 -9.483739845570026252e-04
3.678409278590690223e-01 -9.943206584750514665e-01 2.040040247725138228e-02
8.331216049128089551e-01 -8.345178986572220348e-01 -2.327901600052399971e-03
5.407041327071694381e-01 1.009559295487580721e+00 5.053693432346735570e-02
7.707506837929737342e-01 9.929560627389688587e-01 -1.252304676390730495e-02
-1.859601594129737245e-01 5.181804121936067764e-01 -5.489587190416112331e-03
-1.925603347892961836e-01 -1.013676156888203783e+00 -4.769076103342552095e-03
8.441287814082747420e-01 -4.253270118695873236e-01 1.330600723035821505e-02
-1.430164355519719377e-01 -3.450830306455732188e-01 1.119724207453877581e-02
8.684073387662477606e-01 -3.941313319142596416e-01 -1.850036288511769595e-03
7.422774174485845533e-01 1.021806673499166429e+00 -1.803882902297102410e-03
8.558383228097464768e-01 5.025946082017576089e-01 1.644165534554542160e-02
6.927256906176637585e-01 -9.868237363541143559e-01 3.879774363709422285e-03
3.745766430376936129e-01 9.832648561286059241e-01 -2.489850834746060171e-02
6.265224312656072492e-01 -1.004534492459933315e+00 -8.596828488165069934e-03
6.871990092082864710e-01 -9.731138018802476530e-01 -2.409046796225095335e-02
6.518733497705337943e-01 -9.920532285612556622e-01 -2.419563902002273142e-02
5.702343921672601290e-01 -1.007982890372977280e+00 1.249821973291826392e-02
-1.889610017499816774e-01 7.487066163445407208e-01 -4.029610721775821192e-02
3.982638697058553390e-02 9.914592917703599628e-01 -1.421662244115885071e-02
-1.440754933438788965e-01 -7.283996983806412251e-02 2.683065523254343776e-02
8.333846693754652923e-01 7.533414748575015807e-01 1.969146642580314743e-02
5.640731591407847079e-01 9.738059305070199123e-01 -1.646117469865810562e-02
-1.612466804546992538e-01 -3.964345428058156373e-01 1.421733217828182946e-02
1.627917588375611402e-01 -1.046474288110912809e+00 -9.540939952283122166e-03
5.635176436031960057e-01 -9.848877105924501718e-01 -3.332361857320957979e-03
-1.755183614416504223e-01 -1.443483801117348975e-01 -1.960483242102214335e-02
-1.494346626897897212e-01 -3.815751010546712951e-01 -1.679408006338496684e-02
-1.665945410517294667e-01 7.016156878515733553e-02 3.279482079609343653e-03
-1.229705411644937407e-01 1.018552934422814804e+00 -2.141340497118706873e-02
5.248400252470269978e-01 1.001415424721138203e+00 -1.093321640096278809e-02
8.137903853736472293e-01 4.150404831384143511e-01 -3.391713115613631535e-02
8.777822618625999995e-01 8.594871640644072830e-01 -2.037021083660171816e-02
3.409349985703591379e-01 1.007345630369097966e+00 2.278414373143420463e-02
2.903000142424209673e-01 -1.053620290208675092e+00 1.719456509058159407e-03
4.382436370918081914e-01 -9.599932682872176493e-01 1.968471308300378392e-02
5.143831537629330874e-01 1.014391332296140424e+00 -2.107333838311807594e-02
-1.601351658505278108e-01 -9.664537159235910835e-01 2.748314485444978018e-03
1.128730172124117886e-01 1.000205375963048704e+00 -1.810263600494427597e-02
6.938293767781795740e-01 1.003582804521247374e+00 -8.425484867706648298e-03
1.033198316687383156e-01 -9.983879965667679102e-01 -4.519384575966448568e-03
-1.608939778995299164e-01 9.720419528247399299e-01 -8.651785701720022745e-03
-1.895026407774753063e-01 1.056855646610283639e+00 -2.779678070388753516e-02
-3.905395442697599806e-03 1.014006957266446962e+00 -1.654229508221192330e-02
8.302879213055686103e-01 9.893463415454057941e-01 6.365353870712062807e-04
-1.769820698441775808e-01 -5.658708300536356983e-01 2.571770448556785077e-02
-9.080218808044164536e-02 -1.005167224979129692e+00 2.331426122105744597e-02
8.354389902165347825e-01 -4.111660187112018972e-01 -3.035828815186055601e-02
5.527948037278712645e-03 9.872709283529086388e-01 1.113484733469898534e-02
4.937187787172543363e-01 -1.019692875589065295e+00 -1.323281522612772786e-02
6.072862514464683753e-02 1.020146388001013760e+00 3.827528190062411823e-02
5.628433311584400967e-01 -1.002048696804014760e+00 1.557710431612082530e-02
8.321936770993786370e-01 -6.554940191516633874e-01 -9.752845188088036035e-03
8.419173930073281520e-01 -7.960020355851111784e-01 -3.052179711172263443e-02
-1.738927915129939716e-01 -9.003421525371247958e-01 6.157961226922138188e-03
8.120530679659030415e-01 1.003040476057855956e-01 7.497020308131071946e-03
8.133813222878949478e-01 7.954660135099664298e-02 4.187798414496383959e-02
4.358385457089293813e-01 -1.013828782216761537e+00 2.622276762458126357e-03
5.785001517489657408e-02 -1.008814785631784616e+00 -4.161387758882010429e-02
8.033132814913190867e-01 -5.839617334514400904e-01 -1.377287181127661783e-02
-1.634707109767221389e-01 4.084998964155266976e-01 9.340475992549819237e-04
7.670918062000777748e-01 9.839897320211007381e-01 2.389198179601019836e-02
-1.740421582807608336e-01 8.589156632598413665e-01 -1.150171345194161629e-02
4.619565535200417239e-01 9.848842923265600513e-01 -5.288114948953709024e-04
-5.106153131370019110e-02 -1.000101770126570644e+00 -2.318063356701343877e-02
-1.476435951575772454e-01 -3.138484051542190789e-01 4.054120625038397374e-03
4.371674419794969180e-01 1.002845524176249947e+00 -4.124234359466082828e-02
3.754273838950224207e-02 1.010172410056638048e+00 -1.274044285480704615e-03
-1.960242656915325010e-01 6.446563872352784053e-02 -1.908038165963492350e-02
5.152081293276761231e-01 -1.025479473579775647e+00 2.816194054519593213e-04
8.385724143059112290e-01 1.448855875212308186e-01 1.516179898586435433e-02
4.527265157698186493e-01 -1.022753247792240971e+00 2.940241255663968850e-03
8.130797817497307234e-01 -1.009003718251590520e+00 7.722061064678856571e-03
8.569260124023919678e-01 9.476761966480689026e-01 2.301070368064109944e-02
6.659983928091124383e-01 -9.825377012380932529e-01 1.274169878474184147e-03
-1.515384151308447891e-01 4.367540604063870346e-01 -7.636848221027343030e-03
-1.586155954711220006e-01 -1.353613681611753605e-01 3.098681459519078002e-02
-1.765914634763585678e-01 -1.028180941793670478e+00 6.712195493493952961e-03
8.295720741316008340e-01 -1.776842521488889576e-02 -2.342780866985958929e-02
7.470734794604891871e-01 9.926767730742773743e-01 2.128492508947228603e-03
6.845951406324366495e-01 1.008014468704861999e+00 -6.183671559437742618e-03
6.657680709272228992e-01 -1.001054890214386761e+00 -2.541539404980586170e-02
-5.687723614187975563e-02 -1.006208629816402356e+00 -2.120768255290406135e-02
8.335521844366261535e-01 7.571032585195200948e-01 3.307999140814897338e-03
-1.230609694282170513e-01 3.094845417765663270e-02 -6.310243067765290877e-04
2.983340663437605844e-01 -9.686296387439440325e-01 -5.128261763559666293e-03
2.695165924767888854e-01 -9.945569762671833125e-01 -4.674332172109051629e-03
7.542828617138485833e-03 1.006676596956492364e+00 -2.501940345902105636e-02
8.079041312150598841e-01 9.026176106260026810e-02 3.931887212864517908e-03
8.366677051001610854e-01 4.391182827300499358e-02 -1.856710671845732824e-02
4.416533120814785662e-01 1.031013088884894735e+00 -2.287317732915996119e-02
4.659952408487166298e-01 1.010642133259000541e+00 5.815611813569452303e-03
7.992869931135028194e-01 1.013520299828652993e+00 -1.508595679880470920e-02
2.249278825391954895e-01 1.008626523735508984e+00 1.036569711290048594e-02
-1.424747218012864525e-01 -9.363972062832297549e-01 1.412409151261413177e-02
8.335207125599106703e-01 -8.967377134095223523e-01 -2.413581572277929271e-02
-1.560239177842876190e-01 -2.181550652880039354e-01 1.546249288664918245e-02
8.304035308971913221e-01 -3.055861798056321854e-01 4.601203164607026684e-03
-1.639621213927283938e-01 9.044704992000027755e-01 2.660690720639677116e-04
-8.196367392808688590e-02 1.021238230770877831e+00 8.946177451584666832e-03
4.715450567746423127e-01 9.730507853236035620e-01 2.668138647735699559e-02
8.188109511080391423e-01 6.260441681619035581e-01 -3.716820878546443774e-02
6.452119336899333479e-01 -1.028972431374454599e+00 -4.886411064139207193e-03
-1.395489313432936307e-01 -9.856313468337254413e-01 2.916806569514905287e-02
-1.505694180158286821e-01 1.897109393800492649e-01 1.174294107287236592e-02
8.443207717223631947e-01 2.943589308573180130e-01 -4.554079451337292132e-03
5.486347678196213939e-01 9.777341060441886444e-01 5.473401887905187529e-02
3.496640370251835606e-01 9.693822157033628040e-01 -9.367669278919103434e-03
1.220547107324901071e-01 -1.000510142323265628e+00 -2.709245914531417318e-02
7.977516576396108672e-01 6.237391276610737556e-01 2.087884422304101678e-02
3.345761142261230447e-01 -1.034582637337358779e+00 -6.587345358956373832e-03
5.326244193539463323e-01 1.009302439656470485e+00 -2.400048163623194966e-02
8.253116466738013024e-01 8.911929651463627033e-01 1.649473132420924831e-02
1.818712792343383719e-03 -9.815354833406050306e-01 2.491684983565801374e-03
2.446157819564653141e-02 -9.899026019505947627e-01 -1.705765173347839614e-02
4.540752427234756028e-01 -9.862625021292000804e-01 6.331325920900370344e-03
3.024517055676779198e-01 9.940283325714582841e-01 -9.609905378433461834e-03
4.017339399153472268e-01 -9.995590125327497022e-01 -1.164902790561645439e-02
-1.032137010911592934e-01 -9.916452255267637073e-01 1.986064926592832208e-02
-1.938842371974216772e-01 -3.075587458098593130e-01 -5.997524111795517893e-03
8.379236453846579114e-01 -6.789009942798227559e-01 3.134479394780941008e-02
8.365887891412735478e-01 -1.031866970871340605e+00 -1.354968417263149351e-02
-1.654214338835677256e-01 -4.561458384714648928e-01 -4.919824124725414617e-03
-1.807150791352090113e-01 7.169713454132586872e-01 3.407279609629242090e-02
-1.703194912214218149e-01 -1.467431639846942804e-01 -1.894480943425644326e-02
1.321834549362885594e-02 -9.847077203605736351e-01 -1.042781927692300672e-02
6.457945264332011215e-01 9.474967035788554037e-01 -4.539306102393559673e-03
8.233736982078463384e-01 -3.300091188123345787e-01 -4.649123423056021435e-03
-1.729012120089528926e-01 9.641267497839044465e-01 1.845735165418873822e-02
3.636326290788552407e-01 -1.039109112194644302e+00 9.830402338400316686e-03
8.572709991090715631e-01 8.151596664210670751e-01 -2.675732388284537966e-02
-1.386456792124883819e-01 -5.367842477788833389e-01 2.355686260608799015e-02
8.336614060814875327e-01 6.544591424545961322e-01 -3.345097408848172766e-03
8.455968544772207718e-01 -9.485028352889199876e-01 -4.593169200658904494e-02
2.553640825375333434e-01 -1.024044758281250855e+00 -3.320089746036595374e-03
1.266440493848734750e-01 -1.001278003514384007e+00 -2.550232941280200505e-02
8.541537046451536108e-01 6.050977251572977611e-01 -1.394684139864004954e-02
6.701290831088887456e-01 9.819371217325693069e-01 3.281715014002004743e-02
-1.928373694131828575e-01 -2.609544455550105724e-01 1.675714790660593270e-02
-1.729315750873595958e-01 1.019909184191487794e+00 1.230277939453638253e-02
4.687252706271952118e-01 9.876812581524277990e-01 2.214134074545330566e-02
6.152364996462711400e-01 -9.989360666734065086e-01 1.771871025479994019e-02
6.136746806890984729e-01 -9.781716562156598238e-01 -6.978472261733353194e-03
-1.748282418975316554e-01 1.005631914168058305e+00 -4.005468192625429719e-02
-1.499321844381047708e-01 -1.504143567159627222e-02 2.149851389172368829e-02
8.422376158632286502e-01 -9.519840561968873072e-01 3.163741302776808956e-02
8.412346067365964464e-01 7.971039647876149159e-02 4.802825059124216089e-03
2.597079903967742243e-01 -1.002223126199095704e+00 8.165555495215666773e-03
8.235099251845809931e-01 -4.903304821636928490e-01 2.146281705069036719e-02
8.137171603923116781e-01 4.767249085897574123e-01 2.770465668089719044e-02
4.096164313987470801e-02 1.015660130211045953e+00 1.490523966493458898e-02
-1.352066238288095468e-01 5.652633703318061809e-01 -2.249293193519067563e-02
-1.746864982280405543e-01 3.541500583061980567e-01 6.736570837009060904e-03
4.324257124618972048e-01 -9.766041600677025647e-01 2.869257002931237602e-02
-1.679509202503778886e-01 2.071068952825204645e-01 1.330805428591668588e-02
4.225906425236908986e-02 -9.968078426653623758e-01 2.245565522212979170e-02
1.738167050692719928e-01 -9.848549135076354322e-01 -1.124219887766529473e-02
-1.501934681514340286e-01 -3.775947705201931348e-01 1.160030244126484481e-03
3.348289289647587985e-01 9.998357642692170533e-01 -2.993843763774471645e-02
4.913496646732631312e-01 -9.857686553261786333e-01 -3.754300394344090019e-02
8.016237206050339514e-01 9.832061549494663932e-01 -2.688677803547535883e-02
5.635082619569460327e-01 9.864805184046865350e-01 -1.773419757486222048e-02
4.035863106307446130e-02 1.026467814820334334e+00 -7.541720262919464866e-03
3.900842878764654853e-01 -1.022236103337627044e+00 -1.410556210907025140e-02
8.565508735038507293e-01 -8.264926062061923595e-01 1.829703391102499794e-03
6.581409077349931191e-01 9.769560578596981903e-01 -9.991808824919169024e-03
7.872474526066910450e-01 -2.029710699100628624e-01 1.282249484211049617e-02
8.557075384704374565e-01 9.329325636714506098e-01 6.490832191713158568e-03
4.167653997199485261e-01 -1.001087628539859775e+00 3.860051758710743991e-02
3.187436427052814381e-01 9.828247563206660153e-01 -2.052474083726470947e-03
-1.656012977130737196e-01 -8.087733771371500291e-01 -1.199020210599002073e-03
-1.943891898570538901e-01 -6.903795105831250778e-01 -2.755961984828663412e-03
8.266342574626986961e-01 9.840665428214773192e-01 -7.051575820098148276e-03
8.123465787452661679e-01 7.892675406266024263e-01 2.504362690270672104e-04
2.320714021816063788e-01 -1.003548650757952743e+00 -8.952237523040102590e-03
-1.477802718832715856e-01 -9.072073139139934517e-01 -9.569240658086987372e-03
-1.615556613371727790e-01 -4.773608704746873377e-01 1.546825787987111695e-03
1.446438760305032434e-01 1.031658646816027369e+00 -2.783691190965623813e-02
8.317442033957356262e-01 7.696752819621061059e-01 -1.909511076237718416e-02
8.413619125489507633e-01 3.206262280067069259e-01 1.609677167017388747e-03
8.396221672546588799e-01 6.132158794785829148e-01 -6.883547885311851883e-03
7.936438801390527376e-02 1.000874213565575710e+00 7.574466949318361952e-04
-1.844235341534663231e-01 -8.681591612606672781e-01 -1.078589735783311125e-02
-1.716364910949986500e-01 -9.626312293076774163e-01 -4.185661630951174883e-02
-8.308823000691779870e-02 -1.025707343822181317e+00 -1.145486096229635445e-02
-1.016767507453122943e-01 -1.041381095072767549e+00 1.848372507309113677e-02
1.734085078498690535e-01 4.476666326704252796e-01 -7.723299148472709263e-02
-8.256194929231681634e-01 1.953955568599318404e+00 2.074051596820895849e-02
1.101063558063033909e+00 -2.960796203417981332e-01 -3.016353490683353067e-02
-9.517522499007969872e-01 9.778152982412304794e-01 7.467720449484058221e-02
7.321666005319253934e-01 -2.399398657679077118e-01 -1.375075976091508223e-02
7.957804254674152311e-01 2.167896653018521747e+00 4.030691546620251975e-02
-1.078162218794387783e+00 -1.293231603628385074e+00 -5.381313284001754127e-02
4.673853637292209040e-01 2.106595119314341957e+00 -1.048629542542678372e-02
2.075651907164131060e-01 -2.357848398328362904e+00 -9.972777603334129215e-02
-3.559616211630745042e-02 1.395538716076007546e+00 8.091398882194633657e-02
1.711796622684147451e+00 -6.753328423546403059e-01 8.744886192790676804e-02
1.204659851607923216e+00 2.282390597400278054e+00 -7.680007705967815956e-02
4.329387460685580891e-01 -3.311740081610170527e-01 3.028467062017362044e-02
9.159681034359898888e-01 -2.417297155494427141e+00 -4.497093031906922861e-02
-1.612502818000156601e-01 -1.660609350876520729e+00 -5.439782412049579130e-02
9.226037698607103543e-01 4.512054537448086933e-01 5.613455146158097264e-02
1.253224087070736292e+00 -2.134039446165373555e+00 6.403664951923870863e-02
1.339736117304668461e-01 -2.546243445787237825e+00 1.038700526938407531e-02
1.414117816852911602e+00 -1.929065846134566220e+00 9.945085673762257827e-02
1.359259182362661189e+00 -2.385572769584145547e+00 -2.988195436508034319e-02
