9.339141125696829304e-01 4.761730872816506976e-01 1.397915011394949315e-02
5.260584807249206740e-01 -9.676479517632239347e-01 1.914529730932327568e-03
9.308634305795780994e-01 -5.169616294965765357e-01 -9.861511264691529000e-03
9.825401760973291321e-01 6.836650389234644187e-01 2.503021989002296097e-02
8.973706510651414670e-01 -4.850118228243840979e-01 7.855240363936978956e-03
8.989362615334415274e-01 9.598765511433188236e-01 7.584965199634599803e-04
9.285991607750943011e-01 -4.977430797826984943e-01 1.585283093135847823e-02
9.168684795143569044e-01 8.862474805374712661e-01 -9.220455195130608517e-03
-3.189367981239601968e-02 5.086923246159699152e-01 9.840385578322580901e-03
7.880839093932691108e-01 -9.554104968834573608e-01 -2.970630376664067790e-02
2.094015235366666616e-01 -9.864000246160339325e-01 9.390365324020614286e-04
6.928532125175852485e-01 1.056337982491596161e+00 -2.455265115291844699e-02
2.755816745596326167e-01 1.009577017906003293e+00 4.842442816446221147e-03
9.507010746595522255e-01 1.370981338778005099e-01 1.870862699591678210e-02
-7.267726296074783487e-02 -2.538273671746241744e-01 1.096733620261092224e-02
-1.014392450982452287e-01 -2.552156534092624510e-02 -1.463425608653689224e-02
1.610100710368730093e-01 -1.010812317881082389e+00 3.981508737565282036e-02
4.747138050155033651e-01 1.004188504265113746e+00 -2.039081987234697343e-02
-5.187596294262635660e-02 7.070588876888850294e-01 -1.872669958123119108e-02
8.629176057728468185e-01 -9.927085943512746757e-01 1.866298237748665332e-03
-4.296397621096823688e-02 -9.694354561639357826e-01 7.703119905120509384e-03
7.687309514459093052e-01 9.947732165455207554e-01 1.101699134730446325e-02
3.803832182704138809e-01 1.013051484458965090e+00 1.265649974833782474e-03
-8.266350565476796031e-02 -5.225934540455003940e-01 -5.212089481305156799e-03
9.459783911347545704e-01 -2.838197525692972081e-02 8.855635354491470622e-04
8.810317548800723486e-01 -6.572504069455423759e-01 -1.053102191481517479e-02
5.002553933424764843e-01 -1.027468239944032913e+00 -1.189393394800757585e-02
3.361148636203190043e-01 9.868662245296973001e-01 8.014386292030004424e-03
-5.558857399468053462e-02 -5.824752842227650662e-01 2.772122342221922109e-02
-7.282568463692089267e-02 9.929811140150505144e-01 1.564184089675267272e-02
9.392326347183094226e-01 4.180647807197270249e-01 2.526202999416124473e-03
5.327091106883130589e-01 -1.006045304402790164e+00 7.820991693941339515e-03
9.326089031873943114e-01 -9.597077612032005670e-03 1.802007336318877176e-02
3.660666024461413648e-01 -9.692828267306826673e-01 -1.114732702813616035e-02
1.408269295466369614e-02 -1.010523288983710577e+00 -2.583797573960862001e-02
9.257036525903044044e-01 -3.805993891734761325e-01 -4.014067993212540320e-02
6.687852780508014849e-02 -9.933712785044858107e-01 -1.679305872286284557e-02
8.642469975319980735e-01 9.737078289722329583e-01 3.526179122087384071e-02
5.993234914438765326e-01 1.016549753241221765e+00 -1.960419569897375522e-02
2.782953392601397735e-01 -1.005616175528014855e+00 2.447885182712429206e-02
-8.409145635049794509e-02 8.650545714056845359e-01 -2.460842617763854805e-03
9.292591657559862162e-01 -8.854192697796077205e-01 4.491498580086648873e-03
9.506946246029777114e-01 7.205611741743488396e-01 1.369860846456260293e-02
7.771867935263612193e-01 -9.964520315140313889e-01 -2.130180086374079684e-02
7.379397859990219910e-01 -1.028919881300068839e+00 -1.505663524758886701e-03
-1.194311642578561872e-02 -1.014286843959871343e+00 -4.073717900460476632e-02
5.640921730190818772e-01 1.000918202778902755e+00 -1.892980276476874738e-02
-3.554055434764405441e-02 -9.986091833264680862e-01 8.014912822152281055e-03
9.544167107876814216e-01 2.295206009435649952e-01 -4.025361650442822736e-03
6.840330155848103333e-01 9.945761823026818549e-01 1.727024678988794189e-03
-6.348195176687235208e-02 9.939356903537769350e-01 -9.799856406482686938e-03
-4.900772278456390352e-02 7.195213272071981914e-02 -2.102334839538977027e-02
7.909022538194958596e-01 -9.974737664189443631e-01 2.359117069479955975e-02
9.476703430119449711e-01 -4.661751824475619810e-02 -2.392085970823417881e-02
-6.527012865006989739e-02 -6.653663648697921706e-01 3.191961493127335597e-02
9.306520460446945364e-01 -5.621908458092040872e-01 -1.665240682185693821e-02
-5.594313305420042792e-02 6.350033744429371962e-01 1.571204671294715652e-02
9.253479382193704472e-01 -4.985261486754580806e-01 1.379110022183327976e-02
8.540333778857797098e-01 9.578175255509563391e-01 -1.328896629847910356e-02
2.208805799825836469e-01 -9.958994735877536586e-01 -1.133664920171028809e-02
9.382950177247123547e-01 -4.282517644833784276e-01 5.198255772817055725e-03
9.076482269854092566e-01 6.674135863208128239e-01 3.440160811097786597e-02
5.649375816905330971e-01 9.757758378974135116e-01 -1.184235805999351741e-03
7.230018045029058538e-01 -1.026741297659201857e+00 -3.759495144045383458e-02
7.622671603505646321e-01 -1.032402670036567160e+00 3.364686243365772739e-02
9.554509927294837501e-01 6.252758549966143109e-01 -2.155962974664104789e-02
-5.230428209525081473e-02 -5.616194181125563345e-01 6.657991827815809213e-03
-6.568904779856822584e-02 -3.587109852451536574e-01 3.819001887083380963e-03
7.429670799146762539e-01 1.006743131454415296e+00 6.638324944223330734e-03
9.078070334710439671e-01 3.171264692271691943e-01 -1.399367961803583797e-02
9.181160606552110637e-02 1.001643327563657593e+00 -1.240828201060180207e-02
7.165648147202611229e-01 9.810828629458895334e-01 -1.889494238439737165e-03
-5.286584665440359487e-02 6.713355469058570613e-01 2.008437679198253590e-05
9.400424387074449717e-01 6.962625843461067721e-02 2.456868099013313766e-02
-7.765541036898149230e-02 -1.593207222476372698e-01 3.666600972973218381e-02
2.630157377135692309e-01 9.770443280903688965e-01 -1.504159333086155584e-02
9.312838957648990057e-01 7.161535746010989634e-01 4.420058016045323203e-03
4.435883822205911597e-01 9.797554364429705842e-01 3.225592828575420123e-02
7.364367588195702696e-01 9.858719636663513253e-01 -1.693325238921273082e-02
6.963627070374895922e-01 1.002822940849361633e+00 6.069207280159103456e-03
9.283298321169173306e-01 -8.758734233643378220e-02 -2.941756529149511593e-02
9.231130090245398545e-01 -5.191877878305127814e-01 -2.041879621850424195e-02
7.107751444306495414e-02 9.867993273688271394e-01 7.343667307688278405e-03
-6.564671674536180779e-02 -2.740047034691303063e-01 1.164173455939312247e-03
8.202129325809511817e-01 9.887409714799938465e-01 -3.547803343690876521e-03
1.832492568307251546e-01 -9.742147716424187642e-01 1.676393040697148756e-02
2.159149356959029764e-01 1.008556587955694139e+00 1.504030656520378983e-02
9.449617951992097531e-01 -4.985839527885128075e-01 -7.559052739539995347e-03
5.832748927642666947e-01 -9.995216927522099226e-01 3.111363889708078714e-02
-3.497125618813110709e-02 3.047277486457002915e-01 1.631466548830001057e-02
3.601044985203999960e-01 9.954453683261124119e-01 -3.323799631609114947e-03
-7.971474849710631638e-02 5.421521939663118683e-01 1.426597893489925731e-02
-5.833744587762007550e-02 -4.281138335674259388e-01 -1.178695458853917322e-03
5.111400222982817043e-01 -1.024739577183551686e+00 -1.476447643950005648e-02
8.243584297422235085e-01 9.878804418511475394e-01 -1.192371871856136301e-02
2.477418313708760200e-01 -1.028908001773194414e+00 -1.647341312824832787e-02
8.646155644822270947e-01 1.015839779807087284e+00 -3.569229946440968283e-03
2.520500512530083892e-01 -1.042983845272384524e+00 -1.036714129993423876e-02
3.538924972575983041e-01 9.839249951555155693e-01 3.477227902427918686e-03
-7.657933736263820845e-02 9.010879699811704668e-01 2.014285358872608747e-02
-4.835336372905903873e-02 3.123135276440383024e-01 3.764083554502318726e-03
6.607778781303521587e-01 -1.004852691278012689e+00 6.897580085935701641e-03
9.492537683311518260e-01 2.495509083816919715e-01 1.919935457972594961e-02
9.212950299800315435e-01 -4.664732809251090906e-01 -7.639002013903260259e-03
9.006187919177457424e-01 2.224611161711709251e-01 -5.318270363492895447e-03
9.318021089908775645e-01 -9.631392204313468097e-01 -4.390976716613759863e-04
-5.955568488247921927e-02 -1.110651277301312051e-01 -1.617026546301852637e-03
9.255811522211536690e-01 -2.457003596426518832e-01 1.983505913229599224e-02
6.222986848192040288e-01 9.882615886612888811e-01 3.615084959927929859e-02
9.266658239735212632e-01 5.675359561587963730e-01 -2.029667598188353989e-02
9.679453604831819158e-01 -9.963457168038953871e-01 -2.075088574261450824e-02
-4.071901183990393747e-02 7.719348694040859549e-01 -4.045814260935994174e-03
-6.703170080832444866e-02 3.991161055154340831e-01 -2.051658158144180691e-02
5.142968880338670834e-01 -1.035955338521872493e+00 -3.888541218888665572e-03
9.372172580091174821e-01 -2.525293139069738069e-01 5.758741042630069994e-03
9.241254033245245303e-01 6.878612778111178883e-02 1.374598100890566874e-02
9.179749466118655166e-01 -4.878027131338986133e-01 -9.267140952494720783e-04
4.691469441795471651e-01 -9.844098922050963374e-01 -1.691818375964229335e-02
7.073798235722347227e-01 -9.855988477357656707e-01 -1.606930485795460620e-02
3.004913529873349254e-01 9.935236594797716148e-01 -2.901618049949931250e-02
9.421322313337799903e-01 -8.874750416982387646e-01 -1.544298191969096807e-03
7.943744996163211169e-01 1.009629612437765500e+00 -4.405185049996529316e-03
7.585651672331389372e-01 9.849785220429472243e-01 1.623742546299253645e-02
3.008505310931385290e-01 -1.011710143040392085e+00 2.549561087323430272e-03
2.810513450116738920e-01 1.036231967957849331e+00 3.045924222127908716e-03
-5.189770094046393389e-02 9.056503700968770998e-01 2.556451880243279517e-02
8.324809707923912505e-01 -1.042106939113217168e+00 -1.105581894661367658e-02
9.431507023640386400e-01 5.964990997516543825e-01 1.784498615036349961e-02
9.624377886592633269e-01 9.370451160410621094e-01 -3.340341602031577945e-03
-6.891993203469273799e-02 -7.569898864365930402e-01 -8.897760241318487112e-03
-6.398954134658343951e-02 3.860072946206204447e-01 -5.117909012732203659e-03
8.961914753839750336e-01 -1.013617045099785008e+00 -1.435765551760105618e-02
8.028249257404033168e-01 -1.035519576348348014e+00 -2.865210772133297903e-02
8.973746735380709882e-01 -9.694450888532349930e-01 2.849904086426090222e-02
6.509193506921038264e-01 1.001440214491833958e+00 -9.915836161284490025e-03
9.600039979071838259e-01 7.489502584368606941e-01 -1.324182655747421951e-02
6.691126179613344771e-01 -9.809094844562821214e-01 2.278176229587790952e-02
9.038190129698406849e-01 -7.470147475376791579e-01 3.563290605670192679e-02
3.929041663846544741e-01 9.903495393152857984e-01 2.008197127951946021e-02
-8.207582305054263172e-02 -1.850549329108409635e-01 1.543008008034652857e-02
-6.610238737748630466e-02 -9.992714129022289837e-01 1.281549718744978130e-03
9.510380329609011696e-01 -1.045661188776653150e-01 -2.742002747063733079e-02
6.586103625697287134e-01 1.006735013701124171e+00 -1.232713496737640468e-02
-2.887135974611038797e-02 -5.172261846077661485e-01 -3.985978646310655432e-02
-6.653287471897879890e-02 -6.153900138076160431e-01 -1.898709975011451251e-02
9.551025037016424024e-01 8.135780416224809297e-01 3.261432971055787302e-03
2.905645178736450118e-01 -1.026871927332359435e+00 1.919250691866935003e-03
4.981344751613061422e-02 9.936793020169155666e-01 -2.809138218107422834e-03
6.629789134964912956e-01 -9.928943258657758619e-01 1.052250878643825639e-02
8.762888171571519003e-01 1.003694016984899795e+00 -9.358432355528516211e-03
-9.747020217205465409e-02 6.378859909901265501e-01 -1.185567097902525714e-02
9.271423952581963057e-01 -4.371445173230149583e-01 1.134514673956865671e-03
9.077707614586835172e-01 -1.005464122673240590e+00 3.837464230335119186e-02
7.214506137676680586e-01 1.006739783103660857e+00 1.051530827658852391e-02
2.740319975310843148e-01 -1.009377591250272266e+00 -7.808314426511066275e-03
9.497843713931380938e-01 -2.722873810944573258e-01 2.362853233355001817e-02
-3.223462914954271924e-03 9.957371998036821381e-01 7.507232101997772175e-03
-4.336174945640730582e-02 -9.811202541539882915e-01 2.025945513131831213e-03
9.340733364115638704e-01 8.874546730550922913e-01 4.874994187543862066e-03
-7.683461901068522337e-02 -1.034833236181730509e+00 -1.036302631621220487e-02
3.392929502945835063e-01 -1.016486946340999342e+00 -4.476495838879568714e-03
9.233117826772750947e-01 7.233613988993666810e-01 2.437489217966707158e-02
9.490186822540330747e-01 -7.928778507520762853e-01 2.056862363947814867e-02
9.110197660851501178e-01 -8.628866969627405070e-02 -4.456878393414921008e-02
9.582416602051192500e-01 7.614447901713077282e-01 -2.535941983778200806e-02
4.268861796702294042e-01 -9.867599133338424977e-01 -4.765524831194163126e-03
9.468521718716991220e-01 6.363569184875829121e-01 -6.741337966874035720e-03
-8.722610658986641730e-02 6.513672081064189046e-01 2.852059614539018129e-02
3.215314745117561213e-01 9.507350535714541584e-01 1.789918830254396548e-02
1.714442097878352278e-01 -1.007569015329492945e+00 -3.137364803596947443e-02
6.264273394931574312e-01 9.955400139671948256e-01 3.220605092545010800e-03
7.081987613287568095e-01 9.255863624028943804e-01 5.234124236988232145e-04
3.236440478124819609e-01 -9.819515711569941629e-01 2.627084114757543068e-02
-8.451241315695570688e-02 2.722206939703114559e-01 -4.032710646174974406e-02
9.181199723565319770e-01 4.359024711642233568e-02 -1.928439894386404715e-02
1.285381772793086907e-01 9.636869332350546102e-01 -2.568193171408872724e-02
9.320147085153586142e-01 -4.263025092500120072e-01 -4.506707020933663210e-03
2.800458698816433167e-01 -1.014595507640670302e+00 6.533529574672496381e-04
9.346263844980412516e-01 -2.662760423376726582e-01 -8.291530135660928752e-03
-6.417127902340057088e-02 2.409506038059634481e-01 3.026275882143745349e-02
8.726964344549323904e-01 -1.021641047619282094e+00 1.112631022124507991e-02
9.545708746159582425e-01 -9.692029955800490759e-01 -3.013926415631007147e-03
-5.203730462065948165e-02 4.963497151954622821e-01 5.812371784252709853e-03
9.088796034271118263e-01 9.540589648335454642e-01 -2.970465969844697865e-03
3.980755864069993044e-01 1.007839082570534339e+00 -5.128289647940556311e-04
-8.193266381451587421e-02 8.104003139764662800e-01 1.366565260412325471e-04
8.684893018834982659e-01 1.008866612565049836e+00 6.037713827957488268e-03
-7.835606017522675493e-02 -2.994151824498972880e-01 1.426786917135626975e-03
5.564474328245126028e-02 1.020330799279375977e+00 -1.417207934295048981e-02
4.906752107466973156e-02 -1.025839554763076755e+00 -1.415055968095728714e-02
-7.950965499809367620e-02 4.891953168345553049e-01 -2.214428936625273750e-02
-4.425025787630765262e-02 -7.717811842515964749e-01 2.036161657478183923e-02
6.712044111132482449e-01 -9.787193891753357411e-01 1.287510323809135972e-02
9.145183528590593580e-01 -2.817537792442708633e-01 -1.474028469946439893e-02
-7.679060971799162028e-02 1.208096321142223956e-01 -1.213524370079532887e-03
4.343122022485183531e-01 9.827072949608165464e-01 4.288739637036476787e-02
9.424666578314383480e-01 -4.830515201835600125e-01 -2.276486211825082262e-02
-5.802495735528687831e-02 -1.298748462829044659e-01 -3.211644321752602470e-03
7.355936038178485514e-01 -9.979929341576017077e-01 -1.110772321685813378e-02
3.635355620743506155e-01 -9.880199995142101566e-01 1.895986443171321150e-03
-4.555748256568866728e-01 -3.525428033544111273e-01 -5.438708812694326156e-02
-4.489538106788989458e-01 2.427359218612366476e+00 -2.390638715867351993e-03
1.168545092764527782e+00 -1.348457273620698782e+00 1.283309109942809556e-02
6.485495288505418454e-01 2.366563668938825415e+00 -6.673920967983359986e-03
8.126456826597674432e-01 2.823496357364892795e+00 -1.950252410231745337e-02
7.812488994198634185e-01 2.299170490330364913e+00 4.749562897604925338e-02
-1.056728257953123862e+00 -7.409395833359706529e-01 -5.650798378524431176e-02
1.789938273662763590e+00 8.337867898892454832e-01 6.391670264285082004e-03
2.515792524433848598e-01 2.808987411723462557e-02 -7.412739747932313439e-02
4.895396558153501942e-01 6.175801284420590065e-02 -6.433342023661026143e-02
-7.210434845433386641e-01 -2.792346426927500680e+00 5.875984854466997920e-02
3.563794793389103432e-01 1.727064557660554556e+00 -4.088890801060854341e-02
1.458958094112650317e+00 2.141342435876679495e+00 -1.967228237538407032e-03
-7.265934062823067308e-01 5.236096824770437586e-01 5.519191220109284646e-02
1.199641259340940014e-01 1.480649805419154141e+00 -4.534343722223582035e-02
-2.307115515852685705e-01 1.248769741916375686e-01 1.919138220071943401e-02
-7.247497909398968874e-01 1.514676326881292390e-01 4.626556435953971258e-02
-1.042121824321287527e+00 -1.831608376526820958e+00 7.030127174674713486e-02
-1.008056152014207285e+00 -2.452868526886752498e+00 3.183331076617579303e-02
9.548928000546921258e-01 -1.908939220850674134e+00 -3.059548376034436357e-02
