4.538675454705688450e-01 9.566245198558712692e-01 -1.182328438871076137e-02
3.012755392627380346e-01 -1.026566817270346155e+00 -1.713620922951448675e-03
-2.318935141230665242e-01 4.977903400908025022e-02 2.785275415382678157e-02
7.235183319884468389e-01 7.222236765185874319e-01 3.670581955456775347e-03
-2.560395213188974006e-01 -6.738718837918103999e-01 -2.071077822547579689e-02
2.471281817309855522e-01 -9.774301838390356822e-01 -1.476218445068260519e-02
7.320912296242242379e-01 1.646415639500602712e-01 -8.056729778081259466e-03
5.702505363726685372e-01 -1.001154198210931989e+00 -2.301874956956287063e-02
-2.321886610776935922e-01 7.748686545240774937e-01 1.049784660589767916e-02
1.157067791562934045e-01 1.019346820994096570e+00 2.106577950398396543e-02
1.365845121416105756e-01 9.692382191766577559e-01 -1.910364031007555580e-03
1.686015611887176358e-01 -1.003529745086218394e+00 -4.993147515787033780e-02
7.232703019476398598e-01 -9.590414944952595500e-01 -9.152659133629729299e-03
-2.499475078687948548e-01 1.006879001461463252e+00 2.250547482607734957e-04
7.295019499356917292e-01 -9.747929602023730489e-01 1.111004042694031801e-02
7.439811571257657352e-01 -2.097230996403157133e-01 -1.316749900196626313e-02
7.297747595333201609e-01 -2.011178831066260941e-01 -6.363387085603199739e-03
-2.466999908989948309e-01 5.251061212001582046e-01 1.267368777678092376e-02
-2.561970827358506231e-01 8.791790834503731000e-01 -1.821163829569897447e-02
-2.130627955697056986e-01 1.012957642451002949e+00 -3.402088472434420391e-02
7.338988723681895143e-01 9.333037156308181537e-01 -5.617108971924838351e-03
6.655775290917131937e-01 1.028542620040139299e+00 1.899720626991794475e-02
4.276143731294659855e-02 9.863182215715690093e-01 -5.334303289496742859e-03
-2.545549362975270125e-01 -5.069943645362651186e-01 3.698555875125839488e-03
-1.396751292027278435e-01 1.028566055634722698e+00 -1.984946562132117523e-02
3.108704651519115236e-01 9.602864764290772737e-01 -4.700954779925512438e-03
7.092771971775929662e-01 3.918033015560754007e-01 -4.907745056158183128e-02
-5.535587188026984407e-02 -9.984628344283805745e-01 1.098457167048414417e-02
1.727738206958545353e-01 9.907882219022805526e-01 1.148662768245918737e-02
3.749192701937397176e-01 1.027209353529991986e+00 3.142419404503501990e-02
4.438337825694199101e-01 1.017878131476088743e+00 -2.223623353798994534e-02
6.341097045944381616e-01 1.031038997856151385e+00 1.108897309561017799e-02
-1.786290505789946692e-01 1.044305541939372972e+00 -2.204734036763211086e-02
-2.257022986869283154e-01 6.891212176767358422e-01 -6.305212181575714503e-02
2.002974757375520221e-01 9.983758153634257893e-01 -1.807699844101542420e-03
-2.378193955595838127e-01 -9.075282297190154779e-01 -2.201172438168719561e-02
1.845952520258037355e-01 -9.912989936459448703e-01 -8.829659309690299565e-03
-2.544571928773649017e-01 -1.012870800319231934e+00 -2.501693860897383215e-02
4.780141196141199922e-01 -1.003294616336550371e+00 1.232710315457243716e-02
-4.884520806889341982e-02 9.823484629892733633e-01 7.343443724646288133e-03
-2.152210207103210649e-01 -3.257190349226192216e-01 6.980589364902348506e-03
-2.439904339460679805e-01 -4.850032993834851314e-01 -6.900621121722089017e-03
5.697995104551271117e-01 -9.815602909345261251e-01 3.015040718196589521e-03
-2.276287939037872354e-01 5.009909322993489900e-01 -4.879903034314642812e-03
-2.066484520659629676e-01 1.034323162116081996e+00 -2.242232206969299591e-02
1.212548515932270615e-01 -1.005278071171919807e+00 1.397034339878975261e-02
-1.686497242925361767e-02 9.763251606646039527e-01 1.011842950505022383e-02
1.562192486302654559e-01 9.795938795171706959e-01 -3.721971057697123775e-02
-2.411960113785262538e-01 7.225580449882806899e-01 1.961708889996259628e-04
7.836818438411667920e-01 9.029180426544294313e-01 4.928478951114205475e-02
7.277979111548334989e-01 3.459221461351159599e-01 -2.760217139884180160e-02
-2.356663182279049307e-01 5.046720528550777685e-01 -8.101872396017971434e-03
-2.816276432318013390e-01 1.618360105110886737e-01 -1.039038569752127016e-02
7.291289745494829166e-02 1.018528999490518894e+00 1.635215288193906649e-03
7.068080335906173906e-01 9.931645071437831263e-01 4.325635451809531351e-02
-2.409851141773322603e-01 3.818699448505671890e-01 -3.557807364136346580e-03
4.011026392332882329e-02 1.000728919597786870e+00 -3.876120990960847668e-02
-1.708835870912291111e-01 9.967076326015920085e-01 -2.679092199249857170e-03
-2.533285521948765440e-01 5.029410567108197894e-01 8.246878861833902008e-03
-2.298583148792639197e-01 -1.961311278063271324e-01 5.544385873320250950e-03
9.722236717709416276e-02 -9.921779357502386043e-01 -2.101025920294263480e-02
-5.167903521230216707e-02 9.813620302396987016e-01 -3.897641588225815579e-03
-2.720918020145991489e-01 -7.329244625298539928e-01 2.118091752413686288e-02
-2.520338852297699384e-01 7.397420738657274342e-01 -2.272588878346879643e-02
7.316437788380540930e-01 -9.295162724002488108e-01 4.834915473089632099e-03
-2.767930779645970674e-01 -3.993524586868734683e-01 3.362768990686822862e-02
-1.624713610883229686e-01 9.921246725991869075e-01 -6.219578020831790198e-03
1.436318239773567706e-01 9.977073260239450736e-01 1.897571072796816125e-02
2.314991512446736288e-01 1.030383907453373826e+00 4.892159029238122675e-05
-2.694727643403879158e-01 4.787316614891921063e-01 2.797159715806182140e-02
1.459336739575754494e-01 -1.007768127776231371e+00 -2.408547074933794011e-02
6.357263353793771721e-01 1.005314857063454026e+00 -6.574832691453282507e-04
-2.309240747487627810e-01 -9.835771594108242422e-01 1.688502324826312781e-02
4.635114709782530151e-01 1.032119734805976519e+00 3.790846252668838429e-02
-2.456026129355665943e-01 4.075088616835267352e-01 -1.814440458248734941e-02
7.384302967229338099e-01 6.339542051484470253e-01 2.319612313944945450e-02
-2.780116192296491207e-01 2.813592520517289586e-01 -6.763457177058938320e-03
7.797370927564921672e-01 -2.466101912410729735e-01 -1.049128852300715113e-02
2.212846010271461994e-01 -9.802679044342026415e-01 -9.924940898534902883e-03
3.392345972210955019e-01 1.015585490603897245e+00 9.057274808416750133e-04
4.900385818192948828e-01 1.017468963642750523e+00 1.088133784617328903e-02
8.989961293279655208e-02 -1.021595283426746992e+00 3.809853274355060569e-03
7.461845492869555452e-01 -2.328198024394491084e-01 -2.924983804548434308e-03
-2.331768720344683243e-01 7.686947181329129020e-01 5.452121543218139965e-02
-2.369697467149890213e-01 4.952575169537133393e-01 -2.945482876443432721e-02
7.233765194066305027e-01 5.312888151577427331e-02 -5.804273136616913513e-03
7.585084474730028337e-01 2.767484707481864814e-01 -3.742659491091896058e-03
-4.588415127575745656e-02 -9.935588218607852573e-01 3.520974054277213605e-02
3.672985790903838255e-01 9.750273179594444173e-01 1.494839630319077378e-02
-2.427078333136444277e-01 6.500808678468904533e-01 2.250780086517435979e-03
-4.741147304863020662e-02 -1.026984733700432084e+00 -1.127981897318932822e-02
5.884380492655361117e-01 -9.997152025103436257e-01 -3.649006769320442198e-03
1.467262495578795234e-01 1.005689890409141807e+00 -8.896995006295163599e-03
4.025150001886489415e-01 -9.832586244608083614e-01 -3.848239507153990158e-02
7.446991903754039965e-01 2.224898577258704602e-01 2.135333803707030291e-03
5.708290506861467550e-01 9.957094273173630050e-01 1.754898638026111332e-02
-2.585588076473935293e-01 3.412898185657651240e-01 3.457600851709965312e-02
7.178868061426882941e-01 4.143266637368319683e-01 -9.905607448278746455e-04
2.375542645768349836e-01 -1.014937725753471520e+00 -3.134260096359722109e-02
-2.534757562763677030e-01 -1.020140811839082673e+00 -3.576115345100381801e-03
5.697351428276735685e-01 1.001807596021870639e+00 2.430880472066909367e-02
6.537574827061023441e-01 1.005209064598121760e+00 -6.236215167907901806e-03
7.882612631622720745e-01 -6.937416064614213562e-01 2.626432209973994861e-02
-2.512943495189495779e-01 -6.100939354651763180e-01 -1.222423664209771298e-02
3.523410595981404936e-01 -9.951378295584879519e-01 -4.485602296640719792e-03
1.614893967564354216e-01 -9.788514055086978694e-01 3.207279282639364376e-02
1.813911398741846204e-01 -9.697151733077830071e-01 -1.001332652327945744e-02
1.751204582321169156e-01 9.758314406489004833e-01 2.003308722111557874e-02
7.278463350658285202e-01 6.252551753158582803e-01 3.386832891950077810e-03
7.500391841086516687e-01 -7.052235737005253524e-01 -1.466189149633662786e-03
7.534134971956282234e-01 -2.722342279032660683e-02 2.280305477474853324e-04
1.240568060086048446e-01 9.893715287865344488e-01 -6.123644760140553069e-03
7.178835242125227722e-01 -1.004242473630152066e+00 -3.868778850734452823e-02
-1.237297256580145895e-02 9.914480918333362647e-01 9.355826680453852365e-03
6.248279554646671841e-01 9.981785879726401411e-01 -1.235983950855545042e-02
3.944756370560567049e-01 9.412522489733831099e-01 2.121990286600454467e-02
4.635526350970059495e-01 1.004482460222558382e+00 -1.637963387308345384e-02
7.306374265739883356e-01 -1.612021357449102132e-01 1.441777636659132000e-02
1.038306188446389416e-01 -9.847608256751656519e-01 -5.868759741415690429e-02
-2.069499868945049725e-01 -1.011731956944949218e+00 -3.408728999354396910e-02
7.717753875180424772e-02 -9.955007019629060760e-01 7.297077110920552161e-03
7.296890730586239604e-01 -6.123814239685807514e-01 -1.701019897130567893e-02
7.500475996133577627e-01 3.820179038396549070e-02 4.532764894492889718e-02
7.431120140369561478e-01 4.194683123203980513e-01 1.088231915632588030e-03
1.851489148060388862e-02 -9.604452903341242909e-01 -1.649621065938069444e-03
7.424953762101701438e-01 -9.449806770225513963e-01 1.274483303268742623e-02
-2.613637715473259293e-01 -2.763706027322682668e-01 -1.688512231281736123e-02
2.749292680560328495e-01 1.005991279705189534e+00 2.774287466508547784e-03
3.141777157456941971e-01 9.651699791836960696e-01 3.198190601602707295e-02
1.496409198734994228e-01 -1.004684536446715848e+00 -5.558245361450191678e-03
-2.818772859870014580e-01 -7.423914772450910249e-01 1.243564598593442649e-02
7.585941307635267750e-01 -3.447640809617439350e-01 8.142449538100981696e-03
1.200666407807744612e-01 9.754959875738394848e-01 -1.249207466427553447e-02
3.642590254967496000e-01 1.017356951325830705e+00 6.420358073457079102e-03
7.367420201397472113e-01 -9.763766063670573647e-01 2.925768325237661921e-02
4.889095723264098026e-01 -9.904326768014892757e-01 1.413601898643813450e-02
-2.639282079044112939e-01 -4.290846616556397430e-01 2.708109469012931134e-02
7.515127219894054411e-01 -1.256736093064478310e-01 3.418381916470895204e-02
-1.368095086819395845e-01 -1.044959751784260371e+00 -1.317385722241147354e-02
-2.232897861549808238e-01 1.009138481576338453e+00 -1.348287212258389434e-02
1.970103000887695188e-01 -1.025517374242420177e+00 -8.565689303638783850e-03
-2.007899939140647128e-01 -1.021563283383268406e+00 3.017647800002697805e-02
7.388636812646334207e-01 4.107490298520442840e-02 1.877425578298154082e-02
7.585106921506702404e-01 -4.289246097310781547e-01 2.133910856788863095e-02
7.340225957484526331e-01 -7.952120047467067243e-01 6.678169070015388398e-02
7.365652446722852353e-01 6.597850612094811051e-01 3.505136487199388140e-02
-2.412768951667675077e-01 7.994150114125458950e-01 1.030197220334598020e-02
7.814013181017066545e-01 -1.009602787297214421e+00 1.186761079186629542e-02
7.790031907633919728e-01 -2.615431033359270629e-01 -9.458394776287225650e-03
-1.803517996981858496e-01 -9.977003368174306441e-01 -2.937803366848772482e-02
7.715056147242156381e-01 -2.832264832428932344e-01 -1.263766195302501276e-02
-2.613717502502340140e-01 3.928698422332837503e-01 5.524921200981066337e-03
-2.765610331217554507e-01 -8.298245599685154933e-03 2.055524631996858559e-02
7.729796291017665411e-01 -8.623476604875039697e-02 4.216752271591374217e-03
7.395386338781277935e-01 8.348189453474688104e-01 1.575415180700345461e-02
-1.225655937729266398e-01 -9.949585139989525207e-01 1.362568542280627112e-02
7.664988628220734679e-01 -7.311853774528656036e-01 -1.808830380341485897e-02
-1.634901741727900204e-01 -1.034885234637919149e+00 -7.198635467653796000e-03
5.667405940862243474e-01 -9.980264090075920969e-01 8.962591111189806281e-03
5.501057571644147881e-01 9.996381186134902785e-01 8.741317185822869429e-03
-2.414063709873029984e-01 8.590764176847610623e-01 2.017357647527706979e-02
2.208481348788718379e-01 -1.007340458652422166e+00 2.685843424454730302e-02
7.585033771497233790e-01 8.547092313817665765e-01 -2.294779124730947015e-02
6.860284012882607030e-01 -1.009520798353545468e+00 3.163363003153913527e-02
-2.572282695033081823e-01 9.739827159644491861e-01 1.649385047826519221e-02
7.311497285361571175e-01 5.187918468734403765e-01 1.443544293973373152e-02
5.812715745260217393e-01 -9.723371607912790759e-01 -2.038476579297696101e-02
6.788022151052712505e-02 -1.014002931268757290e+00 -5.366659742966194829e-03
6.197262098639571004e-01 1.020438622347586310e+00 1.505470712505631650e-02
6.070990532155559061e-01 -1.005886638142468259e+00 5.249179443329489306e-04
6.195612720385268446e-01 -9.845895988583261982e-01 1.997980544876174457e-03
-2.677280758866041332e-01 1.802453195207603109e-01 1.539283593448172562e-04
-1.911622838412667391e-01 -2.845410815203004429e-01 6.036431742592300240e-03
-2.309634407756752106e-01 3.728675268353452976e-01 -3.174388895269488614e-02
-2.610081751894186564e-01 3.134562901660638001e-01 -1.772627872293539020e-02
7.393009589190553399e-01 5.744404411190464632e-01 -8.082994976447498842e-03
7.632128585750447280e-01 8.712898968437445824e-01 2.392425427135036822e-02
-2.451308388456712728e-01 7.192743557059484427e-01 -2.656228891723203672e-02
4.204526995143683110e-01 -1.019251025291908030e+00 5.604915663958541169e-03
-2.237330100413091327e-01 -1.022297176727459345e+00 -2.925316543456321292e-02
1.977017325439049955e-01 -9.767652058678339966e-01 4.741267326202610460e-02
6.413845568506619799e-01 9.948716925144542866e-01 -1.720518085631025929e-02
2.115815505517325001e-01 -9.565937339900844050e-01 6.489664125332102358e-04
5.821714251302610998e-01 9.877617967147064304e-01 9.228428175024118787e-03
7.495652443759566186e-01 9.979974647897880136e-01 -1.485339968215998625e-02
2.127677075328442136e-01 -9.831840396922808534e-01 3.479755161138973346e-02
7.214135849566960523e-01 -9.897713123705558225e-01 -5.745701613071118154e-04
1.778281569480728574e-01 -9.820326851262790591e-01 -1.179336543094869523e-02
2.467554193891123848e-01 -1.000799199251937832e+00 -1.537871370226252810e-02
7.277989339052950979e-02 1.015357370145593796e+00 1.609907294975279927e-03
7.208128156087512117e-01 -2.281726439280220287e-01 -2.277284317030871252e-02
7.454165534624913603e-01 1.238310037367562899e-01 -1.965550988061347953e-03
-2.100807812002863095e-01 9.746502741725869834e-01 -4.565424212986514928e-03
1.339344126215950004e-01 1.002421356596108870e+00 -1.005211508750927449e-02
-2.574249228604800765e-01 1.003150271213689493e+00 7.580335056707429228e-03
5.765280162532053776e-01 1.033561836698513980e+00 6.751315754852901460e-03
7.391920300455907533e-01 -9.909114704075338009e-01 -1.095859166761056595e-02
7.486988332161972348e-01 -6.210389796559234732e-01 -4.029892039444550253e-03
-2.429549166963763385e-01 2.545943665022776248e-01 4.654400594317531330e-03
7.756956840871731540e-01 4.869822638518647717e-01 -1.791840276380235811e-02
-1.035511602913599116e+00 -2.838627701914697710e+00 3.744476526675372119e-02
9.397977239957238105e-01 1.350517952272380029e+00 -9.396350753394006050e-02
5.276000127407467488e-01 -5.469105885151890334e-01 -5.490764111754971311e-02
1.715845773954925768e+00 2.602590260995300220e+00 -7.845828766798373932e-03
1.077861371972465676e+00 -1.394639989693026605e+00 -2.095038151244969782e-02
1.749759491679421686e+00 5.093434884799572515e-01 8.530542554838985159e-02
-9.099485369171995686e-01 5.430981019320193504e-01 -5.578366965628871882e-02
2.089106340356021718e-01 2.544621202464204757e+00 -6.653401040949280532e-02
-7.537609294827808393e-01 -1.284639391657726115e+00 -2.720995063221738619e-02
-1.716806993369308643e-01 8.196035520920941231e-01 -5.604427309348920805e-02
-7.006552306713046407e-01 -2.397799996965169100e+00 7.607613399191012760e-02
-3.015379154555547503e-01 -2.354125967322677759e+00 3.828867535182062243e-02
1.729530947245919936e+00 8.495576111524982821e-02 -5.314642306501909247e-02
-4.996294569802710583e-01 -7.530459468977008797e-01 6.905495889669363563e-02
3.180894232756599216e-01 -1.778994411558136646e+00 9.229987700801473016e-02
1.600921168661948446e-01 -3.221597089357688404e-01 -6.836678659250768064e-02
9.287191831019048216e-01 -8.754957531055147513e-01 7.565015467699467977e-02
-4.877719707284069450e-01 1.692707521214614985e+00 2.089285906526541781e-02
-1.535061147306238105e-01 2.837703049533555344e-01 3.763884843682235859e-02
1.156155356554412261e+00 6.169969209403642907e-01 6.950995657379158144e-02
