-3.887860483640055709e-02 -6.391429906121776083e-02 1.512122824258671505e-02
-2.626347737118924636e-02 -4.251676572138328170e-01 -1.355642831645217580e-02
1.241750657599350188e-01 -1.044889893961041150e+00 2.402343192030105198e-02
6.862510293046349963e-01 9.998332033339327740e-01 -3.176925913353600278e-02
1.107990192793088663e-01 1.022514224097620605e+00 1.693112054298866881e-02
1.680671576917999732e-01 -9.971637190307931498e-01 -1.780691748047475917e-02
8.572948545034978496e-01 -9.988050416509801632e-01 -1.327555684642176340e-02
8.735728142515223338e-01 1.031701047124566228e+00 1.407999715127113485e-02
1.007689826716787751e+00 1.402489415126637051e-01 -1.335376320867242943e-02
3.555761212400481153e-01 -9.866820249298310364e-01 -1.675330032294270605e-02
7.077811469217304419e-01 -1.043558896839235306e+00 1.862489551025866760e-02
3.589928016205921613e-01 -1.004220835150059221e+00 1.188409704556293682e-02
7.592902149708563586e-01 -9.929492454885207042e-01 1.449164657777501919e-02
8.662326207874584405e-01 -1.022291140418952082e+00 -4.516945375899203766e-03
9.834472797025619606e-01 9.945927289024451001e-01 1.898225260655293789e-02
9.167572703640882725e-01 9.902413084663768128e-01 -4.737699542498796657e-02
-3.065571919206916407e-02 -3.664049021444854559e-01 -9.183599273183535010e-04
2.616204014610349349e-01 -9.702311754966731483e-01 7.148006276565014097e-03
7.368325338005967673e-01 -1.035547873340337155e+00 -3.777267012982545719e-02
-1.115730634732598099e-02 2.510486456105321396e-01 3.090218170832925021e-02
6.031635675678262976e-01 1.018454515264536564e+00 1.329598646638349181e-03
5.606321062100690089e-03 9.942708426731855509e-01 -3.987263585077768790e-03
-9.825276414476485226e-03 -7.492861255905961526e-01 -1.962691904003704274e-03
7.322931582806440076e-01 9.858139403892368646e-01 -2.060978293045278437e-02
4.624157298847340059e-01 -9.943063193520355059e-01 4.232668374155908707e-03
2.085225223573750897e-01 -9.978601685846184566e-01 3.550111492200282853e-02
5.555481577672412019e-01 1.004960183278203800e+00 1.260384186668767233e-02
9.822910338485918436e-01 9.793113759399264540e-01 -2.301079666208486266e-02
3.317689771558181011e-01 1.011049445381586809e+00 7.046583847350422480e-02
-4.594855529447026271e-02 -6.869548610664228949e-01 -1.711395886674958733e-02
5.246726417676236265e-01 1.010625968928821949e+00 -7.711012144902863741e-04
-1.046409156060753090e-02 2.298737708778977040e-01 -1.484131043249039585e-02
-3.069498019339637895e-02 8.797763959199725869e-01 2.107617591760950829e-02
-1.750397278380406291e-02 5.422950487977895584e-01 2.580141761558983182e-03
2.959027322699309126e-01 9.877095077179519622e-01 2.861847034225209474e-02
6.294961181012148632e-01 1.061376410466114528e+00 9.630923461038901068e-03
2.849136394754039903e-01 -1.019159973438879430e+00 -1.872333792288421658e-02
6.875318949538725688e-01 -1.031205358518415327e+00 1.963686470281443552e-02
7.395430395674358337e-01 -9.881840993844835941e-01 -5.890731789911752940e-03
2.558891734267027540e-01 9.923616087097645311e-01 -2.507310348239527587e-02
-3.305526464943853854e-03 9.795399141274627741e-01 2.055461270099570061e-03
2.327179178605830734e-01 9.698434055887804606e-01 1.707107074250566875e-02
5.841258589247450006e-01 9.889277376409656428e-01 -7.963229269863430701e-03
-3.394517351781659031e-03 -2.854916509990385598e-01 2.741637992561623063e-03
8.214856963228865938e-01 1.021711410187745361e+00 9.113676224789958591e-03
5.107378088917781112e-01 1.009499658547345913e+00 -1.513553713394399924e-02
8.763418768556983096e-01 -1.032076357151453960e+00 4.220298562066603781e-02
9.809969546008170393e-01 -4.040802156794253142e-01 1.253245206727041962e-02
9.954974102606035657e-01 -4.429882950559491661e-01 -8.498359891739060449e-04
2.240279772520323981e-02 -9.988667243432641785e-01 1.875896724303432669e-02
1.128515882613498333e-01 9.840772443943742731e-01 7.292376530432412123e-03
8.022253547671044371e-01 9.903985309334344400e-01 9.671702062486898371e-03
9.851185694850069785e-01 8.434236222909646807e-01 2.718478332562457907e-03
8.639012370161808230e-01 -1.005435068191249171e+00 -3.703907714787601710e-04
-1.843196305501888441e-02 5.367233390069535703e-01 1.728688506660470622e-02
5.722366869429745817e-01 -1.019094955646410838e+00 2.425419663428738520e-02
-3.211972337838217562e-02 3.230081574514599430e-01 -3.373686420405792169e-02
1.004173184170721767e+00 5.759988321838995784e-01 3.511374527003056217e-02
9.452697063489439167e-01 9.515988237537614802e-01 1.033239630502622041e-04
9.822256033443241829e-01 -6.885837742714993048e-01 3.115963963035686332e-02
-2.021296041614741024e-02 3.799955404666063158e-02 1.820326153614184803e-02
8.047796164549839704e-01 -9.555415018162742857e-01 1.032235773233706848e-02
6.924591861721329789e-01 9.706028732243240364e-01 -1.292148690208151998e-02
2.693186355142267868e-02 5.789875932981134454e-01 3.924588843695582703e-03
5.180861388704979253e-01 -1.010755502024714758e+00 2.614551879625585159e-03
6.072921716185564200e-01 -9.801605992276296586e-01 -1.778985902703312345e-03
-6.402425948729738650e-03 -5.345117152423471962e-01 1.533292736847911321e-02
5.222223869258331153e-01 -1.000484379882003561e+00 4.501208609656967737e-03
5.402309786043676398e-01 9.674725416368140651e-01 1.320274257728372251e-03
1.022890592205205396e+00 -2.010769454504781895e-01 1.277665092966676942e-02
9.663794651055257479e-01 -5.257006786960243261e-01 -3.156492479263605516e-02
-3.363205081705824412e-02 9.021089539953265624e-02 -2.822269648065428224e-03
9.609573995048108497e-01 1.319986146525978510e-01 2.009012457405921076e-02
2.027666493517412682e-01 -1.038708423040421547e+00 -2.916466688879131366e-02
9.796416859759737861e-01 -2.545594356006138370e-01 -9.724820982274708092e-03
1.060768333370810945e-02 3.149074612120018046e-01 -2.117341701852949384e-02
-2.375698261998391778e-02 6.668743315262060101e-02 -2.207705794651140373e-03
3.803898615480346135e-01 9.751586387143832413e-01 3.580642505895607203e-02
9.212840344759160027e-01 -1.028081795591833769e+00 -8.701215863873826631e-03
5.354443945846614206e-01 -9.694176990106382341e-01 1.473557849278686084e-02
-3.431734518960930652e-02 4.244349413897585688e-02 -4.807120728548851946e-02
1.274898548249111252e-01 1.007603880119297468e+00 -4.945570001474751572e-03
-5.136858731941109507e-02 -2.322023094526864673e-01 3.989089798553200478e-03
7.004549001181069601e-01 9.646994199484638655e-01 -2.795141606950536390e-04
7.033731300392128682e-01 -1.019763210202914383e+00 1.631552928610816716e-02
9.638666921946931199e-01 -1.868308767821167116e-01 2.907763189470334228e-02
6.976476656073090643e-01 9.963191342433331821e-01 7.793223515602215601e-03
9.637264024052010214e-01 1.572935181138114813e-01 -3.050859785958289980e-02
8.490085659969384135e-01 1.001589509448397752e+00 -4.082555937288782910e-03
2.903144131815767470e-01 -1.036945568786658223e+00 -2.991443957844299849e-03
2.627093516162800485e-03 -9.279904254333306568e-01 3.485953126633205973e-02
1.507968622066550857e-02 -9.702095905965293365e-01 -1.247294647653173459e-02
4.761617375490112547e-01 -1.059599849699594865e+00 -2.047273407250193786e-02
9.558879482500913793e-01 -9.545046676442331401e-02 -2.702097704004088191e-02
-4.550424842748729271e-03 6.561520852862650077e-01 3.298550880068470276e-02
9.897905854440053330e-01 -3.735429064918085462e-01 -4.141887007417016132e-03
-1.037247585295214720e-02 5.036207563849814939e-01 8.112232104039480843e-04
1.020809475090960428e+00 -6.033190035818582209e-02 -2.318295316088837474e-02
-5.317771188995995546e-02 8.299523514694635562e-01 7.590329613529969710e-04
9.766045027610165130e-01 -9.676849018172737349e-01 2.769954133302337737e-03
5.841940426802104680e-01 9.727463762804905434e-01 2.444599368879277548e-02
6.860637916947298631e-01 -9.934666530435215526e-01 3.545361120639334979e-02
9.364267010782186818e-01 9.735415700367374692e-01 2.156150221702374595e-02
8.219687469197317631e-01 -1.002403192012995881e+00 -1.172625532603100741e-02
6.651279656957469477e-01 1.008932413357745084e+00 2.115672545112848996e-02
9.783474162441888611e-01 -6.711360741193763690e-01 2.534285504550679285e-03
-2.131152823389226986e-02 8.678085683618657065e-01 4.983941206417367119e-03
9.695107943942450346e-01 2.831497433669379338e-01 -1.040174028585885008e-02
5.498662342807068004e-01 -1.014603244261097048e+00 -2.132054689849535029e-02
1.127431907178655518e-01 -1.038135707733685686e+00 1.136025040709735291e-02
-4.709274570041885322e-02 -5.735826764855214144e-01 -7.047439222970980181e-03
9.742803401130065710e-01 1.065342633692989982e-01 9.786880374643848468e-03
2.223817446670527803e-02 4.201503985341447089e-01 -2.295477049095945993e-02
4.869044060592914724e-01 9.987636719489586534e-01 2.457563073148556071e-03
-1.152842389235807403e-02 2.946805854747300280e-02 -7.015925716765106582e-03
4.713214249177223869e-01 -9.810733593419934673e-01 3.163609706977098257e-02
8.883909442338825402e-01 -1.009994090728601357e+00 2.679264274428469744e-03
8.230795485684323509e-01 1.018062579321612038e+00 6.441111320720753139e-03
-5.075693939893971551e-02 -5.632262861097817597e-01 -1.255874454520901351e-02
1.013963579653822444e+00 6.171217960912073197e-01 1.888552645564033072e-02
9.235121790720887125e-01 -1.208825696085623069e-01 -9.264001449841990921e-03
1.902642146532029788e-01 -1.009384174147218927e+00 -1.201012275391785547e-03
1.372103596101656997e-01 -9.907436989769963231e-01 -8.925259024164812136e-03
9.634093845865512318e-01 2.462436566035834107e-01 2.007465654572982219e-02
3.520598925314190608e-01 -9.926196166896886774e-01 -1.824505472842738105e-02
-2.576975325372067929e-02 -9.360972814564378908e-01 -5.398210074158670951e-05
7.071763933336621122e-01 1.002428614671937446e+00 -1.915772790577274093e-02
9.620725434467226611e-01 -4.260577989400823329e-01 1.729304846650537089e-02
9.725345072729539853e-01 3.813081598674848971e-01 -7.965167426062502980e-04
6.658106900759169083e-03 8.918961289098014111e-01 5.713308489789256303e-03
2.131761779080549452e-03 -6.683413005513291205e-01 6.120552523795296657e-03
9.795048181574825819e-01 2.821984053375601320e-01 -2.421162892107510747e-02
-4.674078321582057077e-02 -3.683230867495805305e-01 1.360446459682753892e-02
7.544966998986708528e-01 9.981528620558617337e-01 2.540579105237153121e-02
6.036438145581257686e-01 1.002644538931161788e+00 2.692704705599182572e-03
6.900700193309861064e-01 -1.038530101446176301e+00 5.379692138944982410e-02
2.118993721045983880e-01 9.723708679040249381e-01 -2.525563266545854946e-02
4.724409027638171860e-03 5.730594548782401709e-01 3.389272055550095891e-02
7.646273400703793577e-01 1.007420285811732930e+00 3.941782735035347096e-02
9.807211863711200461e-01 6.430053004329864264e-01 1.739541726601111921e-02
9.693407610636732841e-01 3.741223762953507781e-01 6.870395098837764856e-03
1.003746099651226409e+00 -1.066991193700296547e-01 2.060903855246012245e-03
5.412430529571253812e-01 -1.015603902152009130e+00 -9.570556583552710522e-03
4.579999632516408847e-01 1.017502016908333085e+00 1.436951878752763985e-02
9.737332598246811743e-01 -6.523037050872769749e-01 2.898518930330548291e-02
3.498741867787945048e-01 1.008156722473048328e+00 -9.357711898135457826e-03
6.051803964752658915e-01 -1.000301144027385014e+00 -1.575529353297361670e-02
4.085675325158319438e-01 9.686511763664310548e-01 1.361548894636193351e-02
8.994269699684094566e-04 -5.461031987684159539e-01 -2.874947263950302853e-02
3.574413441311779516e-01 -9.979673085254071596e-01 -1.579752845601513009e-02
2.079022453522610253e-02 9.627883525013710697e-01 1.881935375293575935e-02
-3.572283992631387906e-02 1.273110493224462458e-01 -3.217759711267029199e-02
9.759410819980587348e-01 3.905248150642613991e-01 2.346336293228448722e-02
7.513850225130669358e-01 -1.011630951107053589e+00 1.077326240421759909e-02
5.210140277390493679e-01 9.917064837500828567e-01 -1.440258713546458368e-02
-1.513012364783500319e-02 1.022503675037749638e+00 1.544127420811572393e-03
6.208896485681867361e-01 -1.028611251773225543e+00 8.177702407929870673e-03
9.558853294655301758e-01 6.638818919548016284e-01 -2.156969735201411803e-03
2.662392480960783514e-01 -9.919014755398196659e-01 -1.273081288986925574e-02
3.284631664855033328e-01 -1.001568920645393934e+00 -2.768883628618010184e-02
-3.983793436077914113e-02 -7.441736356587376200e-01 -2.168330999702400633e-02
9.850302426834406377e-01 -4.836311812203581972e-01 -9.084330093795698474e-03
9.592777049744670714e-01 4.210337605937735650e-01 6.297896426296614204e-03
8.943890193684463780e-03 -1.012840420328198210e+00 2.684100303153472492e-02
-2.243128820520834746e-02 4.540041825065640468e-01 8.604786154900394279e-03
9.704559955901568280e-01 3.374986386225255486e-01 -2.655300820122315740e-03
9.378785308598986958e-01 -9.941261480371855752e-01 -9.881127327435066873e-03
2.474465765083691537e-01 -1.026069070326642185e+00 1.558059414125871969e-02
-1.766421755466339449e-02 1.987166272255282695e-01 3.610207939286712298e-02
3.679551062907540637e-02 -1.002822758717181406e+00 4.040607929240708912e-02
4.043725091835808638e-01 1.012322392220483591e+00 -1.593667804979949452e-03
9.724228451319744115e-01 -8.444718944977177566e-01 2.099254595048971259e-02
-1.988234594680990397e-02 9.988749524188627049e-01 -2.620099689235227958e-02
-4.959090954969906651e-02 -5.925012640721212254e-01 6.321330896567986524e-03
9.521532122145288657e-01 1.040637761496578939e+00 -1.628392757703377505e-02
1.229972451127054472e-01 1.021477530184667248e+00 -5.642377911101895821e-03
-2.924903194894829667e-02 -7.754143447157865188e-01 2.616673384737878624e-02
9.656049225571002870e-01 5.128963015711743845e-01 2.897343354582499614e-02
1.003853613925998589e+00 3.075480608526364179e-01 -3.485379088149265225e-02
5.174572950476030025e-03 4.044729599751612503e-01 -2.354166578166238394e-03
3.714119599473933442e-01 -1.039217668862693289e+00 -1.158002040465112327e-02
7.163461749609332241e-01 -9.751052375761759539e-01 1.124606439892631045e-02
-4.922412346620688717e-02 4.724685287218702290e-01 1.538701745315550901e-02
2.120105783991146908e-02 9.961481145602369969e-01 -2.525953623178755700e-02
4.866480108646100561e-02 9.814257751321470158e-01 -1.229095074878897888e-02
3.336965680171594811e-02 -1.034977613190566359e+00 1.265630007542739880e-03
1.406199263162975499e-01 -9.755611137361762664e-01 5.203904938347467951e-03
1.034012408395362792e-01 -1.008747772032832835e+00 2.050817249779946297e-02
1.009436703584611461e+00 -8.645688010548220337e-01 -6.364678501988870959e-03
3.771125999175731769e-01 -1.035001892747786201e+00 1.854312177019219049e-02
1.004593636062581341e+00 4.512200525754618829e-01 -3.977008035714408446e-02
4.294439529369316610e-01 -1.017472460808651391e+00 1.391815145399635974e-02
7.760666129366974864e-03 -1.039823860065292260e+00 -1.364923381009324713e-04
2.800247072957997019e-01 1.000583083162503328e+00 1.362674735959307736e-02
2.480589822154399132e-02 3.450946677238635463e-01 1.709614868434940899e-02
1.712122445364542001e-01 1.032234016513088770e+00 -1.511719066202479866e-02
7.001335390603081743e-01 -9.397780783056579601e-01 -4.312152381653575062e-02
9.790999424827372399e-01 -2.661880020767243837e-01 5.445550710386829613e-03
8.095309607025534815e-01 -9.798582749557905869e-01 -3.106249987039651564e-02
3.010231831404906744e-02 1.009462816123288809e+00 3.905781908065130131e-03
8.964809958481279040e-02 -1.241962977868630524e+00 3.996307834631204758e-02
1.679637975863380372e+00 6.464122314195321906e-01 -3.268028107417851602e-02
1.886330521757417777e+00 -1.270087451505888865e+00 -6.665910164323871068e-03
1.302010591500010417e+00 7.823960001711052215e-01 7.987477946860721545e-02
1.326435108155092912e-01 9.538540154596386600e-02 -7.920646550349635939e-02
-9.921735488609436660e-01 -2.815296527416388805e+00 -3.236235739778439702e-02
6.217203585049995151e-01 -1.564820341558218697e+00 5.255025099168367242e-02
1.037451948775102828e+00 2.049038051264197691e+00 3.166853462385274542e-02
-1.767549859202244278e-03 1.950239529940263949e+00 4.136519086231010833e-02
-6.727956435451527550e-01 2.676123147414322112e+00 1.884670537554682113e-02
8.538096267507233605e-02 2.474334587885817172e+00 4.329409835240549675e-02
-9.464963751469350761e-01 -4.754851247868150388e-01 -1.089954188252270639e-02
-6.245950798487331923e-01 -7.224025557201869674e-01 -8.731131131035962945e-03
-2.164105866607179962e-01 2.463770921522408841e+00 -8.252481735796175777e-02
1.686219446348579343e+00 -2.552495263325779362e+00 1.458625999395554707e-02
-8.127661401697385823e-01 9.681657664751526227e-01 6.782457123661833620e-02
4.649774961475827695e-02 2.873237495188652346e+00 6.349914772375478411e-02
5.296814701201668640e-01 -5.205820332831070374e-01 9.411188634530706643e-02
-8.225186866954151688e-01 -2.283078807563715174e+00 8.433229467832181747e-02
7.413110374969069660e-01 -5.031518064409477020e-01 -3.383819453229651442e-02
