9.099724801110020689e-01 6.292780769423602649e-01 7.149963163946283264e-03
8.502616819082264854e-01 -1.430384098812902960e-01 -3.505145031578122371e-03
9.802877504331837522e-02 -9.842574827435135454e-01 -2.199790278926916018e-02
8.500746276973191184e-01 9.742874177425290272e-01 -9.231457751137633742e-05
6.547528103130370036e-01 -1.019254169874202809e+00 5.798524202918014202e-04
8.687785185607699301e-01 -7.678163498402000853e-01 1.001273405563429461e-02
9.130191393389217591e-01 -2.646747481831069893e-01 -3.515723869172480975e-02
8.133083808163138473e-01 1.021238264990062650e+00 3.220676844049513016e-02
5.098988538034046059e-01 9.957799060498589983e-01 8.743211193672302886e-03
7.472921868065111051e-01 1.009833238218316609e+00 -1.557384842912262063e-02
-1.197404422239657928e-01 -5.930919567303631901e-01 -1.680501846034586398e-03
4.603474149503144486e-01 9.937094072583253501e-01 1.003267672699991592e-02
8.409417063135139481e-01 9.982355088926020414e-01 1.473548604801712750e-02
-1.449016902184786793e-01 -9.446636380443348413e-01 -8.959776771080765886e-04
8.719898831689036900e-01 -3.620983760316326405e-01 5.164945124924345821e-03
8.589103274732309279e-01 -1.795879786505562570e-01 2.924209711258283703e-02
8.432285418127010157e-01 4.686718275467909867e-01 2.538187451909148466e-03
-9.790572439563360874e-02 -8.397661282525771265e-01 6.920674105815062364e-03
8.437667121011478422e-01 5.560151366694022768e-01 5.899211155915125293e-02
8.834725080211538462e-01 3.711314738923996437e-01 2.854204440271681034e-02
3.883655391845706739e-01 1.031075790330908903e+00 -7.472350601646904171e-03
-4.260622814040572470e-02 9.676119599312870134e-01 3.012182049140296053e-02
4.742007064740199618e-01 1.000145026665056225e+00 1.033629780323811267e-02
-1.438965262468482886e-01 9.838691692197352179e-01 -1.018010948609843203e-02
4.804634724674110013e-01 -9.931990829721357716e-01 -7.985046295453416057e-03
-1.281875053832032818e-01 -1.373808663696103882e-01 -5.765685418849367944e-02
-9.194423089954280315e-02 1.011273435202861393e+00 -1.410474594233853893e-02
-5.862471028402695822e-02 9.950728361237954900e-01 2.033074526304298746e-02
-1.283878677527844070e-01 -8.010281236657992299e-01 3.315163301936263629e-03
-1.247389958022080275e-01 5.791283916093140638e-01 4.157514740073102802e-03
6.396887296724962368e-01 -1.029643171979649496e+00 -1.136828820629967422e-02
-1.113452090344763667e-01 -6.685927715723281040e-01 -5.577333478862033650e-03
8.902864360753220963e-01 2.959790652707781633e-01 4.507584819858461746e-03
-5.197083347132583353e-02 1.010031145890361248e+00 -2.795695811194099170e-02
3.338929188745705656e-01 9.615338735304520545e-01 -1.063216651953517722e-02
8.304964946204538290e-01 5.419367040579686073e-02 5.067989318390118264e-03
-1.263756145432863298e-01 -8.583170511885396259e-01 -1.066883104418132715e-02
7.951947087222432931e-01 -1.003905592312978490e+00 1.872138739400780807e-02
8.821712183737714374e-01 -7.300791601152838428e-01 3.275682427964091148e-02
-1.162755451259714495e-01 5.795606105873548630e-01 7.786836951732539237e-03
-1.360726861062554749e-01 5.770974340956813720e-01 -2.428242090609798905e-03
4.331408561596632456e-01 1.007225700744758035e+00 -1.317536184238894334e-03
5.927336310171114064e-01 -1.026294898136705047e+00 3.105205572438901607e-02
5.281073415911514690e-01 -1.016538903540052052e+00 -1.156979532804197457e-02
2.890249648699505514e-01 -9.914828078352081464e-01 6.140221566929130598e-02
5.410643817406699529e-01 -9.974424818215510413e-01 -4.639697509733847064e-02
-1.190222811607292153e-01 -8.207369372617834280e-02 -3.195910488861453125e-02
-8.723835091566345401e-02 -1.033147186560150921e+00 5.355040421419612028e-03
-1.568268394120908849e-01 1.557632981559197438e-01 9.117112180063361923e-03
8.727147673002573214e-01 4.516837973408019402e-01 7.577201955617501351e-03
9.069656252329810764e-01 -7.540014841175716187e-01 -1.101881275180654866e-02
3.650670549449798186e-01 1.023260104879003096e+00 3.231598233383121011e-03
8.602340472152851802e-01 1.300537535112176735e-01 3.425388815717701416e-03
-1.612290153727490294e-01 -3.824741296032211912e-01 4.345438248424727916e-03
8.656625170931323554e-01 -5.806968950278342811e-01 -1.023299424385141939e-04
8.149588275643846469e-01 9.720922357180898921e-01 2.029549853026117040e-02
-1.146206898752919617e-01 6.151359737809822814e-01 2.364531393283415134e-02
-1.411692983535313139e-01 -1.524728928092834723e-01 2.614477644976089931e-03
8.405311787359542874e-01 7.840251053905439305e-01 6.216300101314487306e-03
-1.296812867327968022e-01 8.711478291359903148e-02 -1.903978592044821422e-02
-1.312113379860113116e-01 4.303429965619153252e-01 -4.418248733332758721e-04
7.036202834437993436e-01 -9.952284050005553162e-01 1.360933828921835793e-02
1.664333473663861529e-01 9.830551595071481685e-01 -1.139538533488031538e-02
-1.323326572341398111e-01 -4.599988568598538108e-01 1.539131645908922881e-02
8.780359717941292885e-01 -4.051197332846078747e-01 -1.528851835746370671e-03
8.693670949792756675e-01 -9.418171022343158061e-01 -2.174702893229500927e-03
-1.257516695974483512e-01 3.671158320389529828e-01 3.888833578042365235e-03
8.730174954930771669e-01 -3.718806721218150257e-01 -1.915946578749939608e-02
4.053839839654172494e-01 9.467531415410220808e-01 3.137906182653770609e-02
8.403679437026523313e-01 -6.722585852935485384e-01 2.924468155405441847e-02
2.794339260192397201e-01 -9.978135632035312064e-01 4.485132296709755384e-02
4.352438101472742848e-02 1.011713412427508230e+00 1.259911257316050255e-02
6.952454988468046437e-01 -9.488331663177308473e-01 5.542261969551658292e-03
-1.333004359126038485e-01 -5.968662987411608167e-01 -3.059917104002247892e-04
8.588806436532974153e-01 2.205384744216787318e-01 -1.653547581237442901e-02
8.494525233651650797e-01 -5.172673754818307712e-01 -1.034069747748006182e-02
7.632589513362981748e-01 1.029545505054319188e+00 2.180777132255029560e-02
4.193401087172063946e-01 1.023718195664209407e+00 -1.098738091677435233e-02
6.116620711137180644e-01 1.039203997642130339e+00 3.326903691824335818e-02
9.050850996086902134e-01 -1.868522536880322660e-01 -6.331912211801460355e-03
5.195337042570934427e-01 -1.008173391111260475e+00 -7.828157079985256783e-03
3.070167077450279836e-01 -9.692436665333150625e-01 -2.096584837883055941e-02
-1.308367900184314592e-01 4.467995295917068233e-01 -7.829887720060603809e-03
8.591366264596465019e-01 2.184108596954849879e-01 -1.296372730453620829e-02
9.080056295413554412e-01 9.703035960612708122e-01 1.587398657087845874e-02
3.348022967256764626e-01 -9.926456456656810312e-01 2.473457824337056341e-02
2.918672144447302941e-01 1.034227859856421849e+00 2.116311732062686139e-03
8.604246931043149083e-01 -9.911016505404781629e-01 -4.292940282998302520e-02
8.632389505173015953e-01 -8.558499373567651780e-01 -1.615205915147011062e-02
5.142077937662261622e-01 9.678579449682941371e-01 4.909868829857502552e-03
8.380494758418076673e-01 1.000167018731862756e+00 -1.141600015202903599e-03
8.681662274318978634e-01 4.889875832044721649e-01 2.363481528027094186e-02
-1.279117017056324301e-01 5.157321280551997456e-01 1.340097009436500876e-02
1.639551647263385314e-01 9.876130763189167050e-01 1.571471639613007372e-03
-1.262460968874586087e-01 7.506746131727227711e-01 -5.315564455761751092e-04
8.703125410682994723e-01 -3.911792323266267274e-02 1.934426826292731660e-02
8.774877244447973901e-01 -2.867767263862492366e-01 -2.010032417098876062e-02
8.588307828892609574e-01 -1.025769360513247186e+00 -3.415486262202933193e-02
-1.575022979752102592e-01 -8.976281227676668334e-03 -1.480385098511567687e-02
8.970332430075669272e-01 -8.925740581495728021e-01 -2.236342826710602250e-02
-1.278509829871139203e-01 7.440667625485984926e-01 8.489222499238880532e-03
-1.474675874667140119e-01 -9.589671022244266041e-01 -1.944646928348057330e-02
-3.641502900527074371e-02 1.033667069721311726e+00 -1.690698851660212346e-02
8.739075068410583347e-01 5.896819632238802233e-01 2.086043445255401918e-02
8.342379487134539140e-01 -6.814805161262796895e-01 -3.229677323601037875e-02
8.795123670197926291e-01 2.832961305337486912e-01 8.835745027399772439e-03
8.805376064614947040e-01 6.388956540660173378e-02 2.450382319597434536e-02
8.507213773346676833e-01 -1.880175480590392800e-01 1.586991037503266908e-02
8.612027927289764850e-01 -7.956180109138679679e-01 1.426128616848061637e-02
7.152127180904424009e-01 1.023558254721393057e+00 -3.040809247287715265e-03
8.626047534402290218e-01 -2.537638231273074418e-01 -1.256419596621682899e-02
1.426023135145595422e-01 1.032866549780785181e+00 1.615294570109096842e-02
8.636756140503463186e-01 3.016988727341501364e-01 2.425365332208314836e-02
5.135563540015508632e-01 9.709119550592183456e-01 1.397276162778301502e-02
-1.569337669927994561e-01 9.463912495736920283e-01 -2.605356848113153569e-03
1.012386454413142789e-01 -9.898824895151633330e-01 2.140222775932117821e-03
3.430608361238681181e-01 9.883715712356166971e-01 1.917785694770569871e-02
-4.679532092920118957e-02 -1.039773469491778624e+00 -1.712107062662849080e-02
-1.234602459604664526e-01 -1.003725244427652319e+00 3.232130528282912366e-03
-1.569276784655753154e-01 -4.178849515527251479e-01 -2.478896541498648576e-02
5.482047900993185507e-01 -9.612470864392643755e-01 5.212855197382658574e-03
5.293307684200969643e-01 9.541527507853996282e-01 9.998132685726532701e-03
8.962297825155469688e-01 2.923621581615917231e-01 1.430484040118635246e-02
8.652444759070265778e-01 1.958155760306541093e-01 1.648429425212898612e-03
-1.194812399497690858e-01 -5.817056014842481027e-01 1.077225517428773323e-02
6.101440968362227268e-01 -9.721631774516906743e-01 1.054381650411814406e-02
8.649310874661879645e-01 -7.532274645689486514e-03 1.616039886913300111e-02
-1.316384759852161634e-01 -9.139209083207446849e-01 -2.493272724213842911e-02
2.127707863393307197e-01 -1.020662687156868254e+00 -1.692770730959842346e-02
1.061188282931437299e-01 -9.909297341821045046e-01 1.821231361598881632e-02
3.435547156846260330e-01 1.028390447221426918e+00 1.848872672133178427e-03
-1.175100405322145047e-01 -1.813154181275905552e-01 -3.276124563989598129e-03
8.827960391809425156e-01 -5.960481459332177268e-02 1.517596584542122221e-02
8.868527155620125058e-01 -6.879945851179856131e-01 1.172482244897515109e-03
8.577466258905964702e-01 5.674794164699651366e-01 -1.508963382490116287e-02
-1.423648746907092144e-01 -4.060500712140469592e-01 -6.708924471499211860e-03
8.958885753257790352e-01 3.640062603337901326e-01 -6.000653822777993196e-03
9.061404304804523413e-01 -3.188181253940333137e-01 -1.639435050983318459e-02
2.313998858837245931e-01 1.022314185323478730e+00 9.364751555771320610e-03
1.646851390123606207e-02 9.869846147728507102e-01 -1.461052086575746582e-02
1.632989157795902424e-01 9.782211377860170476e-01 -4.166815890712299159e-02
-1.791880111885670035e-02 1.022127293632522749e+00 -6.540430237624513671e-03
4.976998438023616522e-01 -1.042907123864938335e+00 2.958711671256470874e-02
4.649548452481285787e-01 1.006572621863464523e+00 -8.308618264073776988e-03
-7.278538514390225922e-02 -1.894075308975013971e-01 1.511928978017864841e-02
8.650630145955261474e-01 -5.102395616683091939e-01 -1.357032227709695574e-02
-1.429459653726040946e-01 -7.115580623787085557e-01 1.833343661604532743e-02
-1.299625254206050462e-01 2.519088825312211857e-02 -2.658903487436560954e-03
3.136749474107335400e-01 1.013584282217466104e+00 9.449982661891597954e-03
8.787740820996371438e-01 -4.921814434885435907e-01 -1.141925692265512333e-02
5.508467076213604541e-01 1.018246142130199372e+00 2.042065651689593917e-05
8.818112357291085779e-01 -6.191501820525413535e-01 2.816744639851207974e-03
2.479829389452125610e-01 -1.013588104435296788e+00 -6.801803529789657819e-04
6.813228638837620643e-01 9.866302940193065751e-01 -1.165799048344852429e-02
8.655355846661560992e-01 1.549028938783436060e-01 5.956321602978485383e-03
-1.344824653883805732e-01 -7.456965824198248383e-01 1.304338080288984167e-02
4.005859463311521318e-01 1.002742036623087696e+00 -1.094738749874644415e-03
6.201076566823565672e-01 -1.014969101287972242e+00 3.688636864442804142e-02
-1.137821484864992017e-01 1.837099712988226052e-01 2.375519725423781703e-02
8.141301030051423249e-01 9.923173041048872767e-01 -1.718886968964360162e-02
4.337288335511005344e-01 -1.012776741061939489e+00 2.139265501531757360e-02
-9.682942256431145700e-02 3.301952640554136065e-01 9.504589568625167921e-04
2.121466848322073606e-01 1.013012328982848320e+00 6.658594526073768199e-03
4.667415181512533096e-01 1.010803575334869864e+00 -3.436973458937178649e-02
-1.421353322312730594e-01 -4.355913637013456019e-01 2.109701261468976616e-02
8.965927841026316569e-01 5.798274558930995026e-02 3.280255455824872268e-02
-1.319315936252477561e-01 4.454354392213428215e-01 -2.520790633432920883e-04
9.105664178472319126e-01 4.926226189701560232e-01 9.089705964903341262e-03
-3.095171366500883842e-02 -9.852958735397818746e-01 -1.907588582953338371e-02
1.445667568117946777e-01 -9.789767100981091597e-01 -9.572917981835538451e-04
8.733858160765706202e-01 -9.699532729933307840e-02 2.064349722612154880e-02
-1.325616213865519200e-01 -6.165256130602969620e-02 -5.704983054170033319e-03
6.490238253877761432e-02 9.844774133790779036e-01 1.568137210592907352e-02
8.761903547402996040e-01 -8.957237665085109324e-01 -1.201834757502272255e-02
-7.642649570882800725e-02 -9.852937461858474189e-01 1.539830321157277873e-02
6.982238459649053874e-01 -9.977212394782833949e-01 -2.266134881943307131e-02
-1.499640796091356310e-01 4.742865063048664065e-01 2.872473445685565663e-03
8.649721722811960500e-01 -8.209441117027505008e-01 -1.455054643720095180e-02
-1.230747284712323669e-01 4.896558712138460723e-01 7.234301156600151522e-03
7.133278878927625799e-01 1.013272723661594821e+00 -1.242583389052937491e-02
8.513868548545675541e-01 9.033407289584599598e-02 -1.481067944354396912e-02
5.411972769782749104e-01 -9.986995477688710432e-01 -1.163338439194727854e-02
-1.013239089277415128e-01 -6.525284493761570603e-01 1.121211393814838635e-02
9.013925187524423066e-01 -1.301824795750452235e-01 -5.028010232024879853e-04
8.776591891313550997e-01 -6.184945488255215451e-02 -4.657564928354820423e-03
-1.238222032549960577e-01 4.528214945676802827e-01 2.033847522969393917e-02
6.821759829943192521e-01 1.005227700914545608e+00 1.738427177838027318e-02
8.475640874841606776e-01 1.006402663559723187e+00 3.328639549079472765e-02
-1.297977375790759780e-01 -1.045650884366859268e+00 -3.850492368789792258e-02
1.400623974021506304e-02 9.710719711802408005e-01 1.300795325222814033e-02
7.694033605609947868e-01 1.006338087379001545e+00 7.784942089573066402e-03
3.609208557747395907e-01 1.005704693982032882e+00 4.159967109962964607e-03
8.929722951574148304e-01 6.367573467153582190e-01 -2.437228780036464291e-03
-2.778473913185424554e-02 9.883110133454284796e-01 1.193945323023852013e-02
-1.178604630282076432e-01 8.884336162278675397e-01 -7.348702446191585080e-02
8.553845996327354984e-01 -3.330082346790733672e-01 6.166813676387112447e-02
2.830402448140720284e-01 -1.023760635504586958e+00 2.954841041052153148e-03
3.559399755131784637e-01 -1.021120016809990760e+00 2.031562233669355691e-02
8.736368232844426984e-01 -3.804390463978477577e-01 -1.408304979710954356e-02
2.953501204603248831e-01 9.933660146756022602e-01 -7.896019181822644395e-03
1.824865566710051290e+00 -1.645292196249053207e+00 -2.741048019931061064e-02
-8.037679513776002649e-01 -6.842166388242674202e-01 -1.290425923685030452e-02
1.528916890593493783e+00 2.046940470361278130e+00 8.743955586178564499e-02
-1.624471892641897730e-01 3.096490272969414370e-01 -6.567221641124926235e-02
5.113716522685709531e-01 8.757009120023031556e-01 7.577340935905785280e-03
5.975912464111807765e-01 2.491719374512356033e+00 -6.693406289473183279e-02
1.486156777803616880e+00 -1.773401986723225132e+00 -4.202560469260241405e-02
1.837060283295951280e+00 4.802900174809492384e-01 -4.582319463268305637e-02
4.919726549919443137e-01 3.016136128322388643e-02 -5.407174875527134827e-02
-1.886370973267991191e-01 1.757660359280402318e+00 -6.811296344805124747e-02
-7.983271592976937114e-02 -2.558031702306962529e+00 8.229631694217107163e-02
9.781717882367857442e-02 1.027487751966745577e+00 1.184864345120699436e-02
7.621564788094556953e-01 2.660559938521178225e+00 -3.876918413076475833e-02
1.509858698931736853e+00 2.376904815029910800e+00 -3.704219176339949848e-02
9.277277915472930125e-01 7.994920562346443660e-01 1.130987182981865735e-02
1.758425440088371872e+00 -4.664364690774736033e-01 -9.650346203526741218e-03
-3.117463409538490104e-01 1.408160864207450125e+00 -1.246843279371963320e-02
7.964629904248177183e-01 -1.472268754590987605e+00 9.566099319291618275e-02
6.759062942823992337e-01 6.907790265135318464e-01 3.550945424322554667e-02
-5.891012289411869940e-01 -2.398834278484152982e+00 3.475425782618943304e-02
