-1.575770275661872444e-01 1.015764320806001431e+00 -1.473016725342648700e-02
-2.171262466232919131e-01 4.090071487888247703e-01 8.209183405132037398e-03
-1.998914576411697785e-01 3.506637233991293789e-01 -1.874981792060489982e-02
-1.950352622711894468e-01 7.804106730146291859e-01 -8.805081246037624277e-04
3.819284557160126381e-01 -1.020713155837859709e+00 4.279892351843407258e-03
-2.259066121894614254e-01 4.303435263309453029e-01 -4.417277884380312741e-02
5.917938716054063075e-01 9.751004635304979518e-01 -9.315057592333274294e-03
-2.506038296628715356e-01 -5.972211464616481447e-01 2.632140888606596812e-02
4.053276118383845605e-01 -9.763158613781696138e-01 -2.147881350889629601e-02
7.391354792351398917e-01 -1.009860867428047815e+00 8.484655721805270737e-03
8.850471535569176540e-02 9.930925331862956451e-01 -3.204212877691757499e-02
7.692299385074956586e-01 -5.655239358282462270e-01 -1.424806662590925865e-02
7.449499341675085429e-01 7.628846985805670666e-01 8.521011852283565113e-03
4.161218773630033785e-01 -9.977222463978446809e-01 2.719541344840945007e-02
-2.408460011100647669e-01 -9.447704501261525722e-01 1.304244385700179150e-02
-8.600618306765137056e-02 -1.006234680408492732e+00 -4.479187203549264175e-03
7.449935880693847601e-01 -4.570717111901536622e-01 2.264877316628263401e-02
6.562832261585964388e-02 9.957452267734896445e-01 2.281987057500974719e-02
5.628146245108487378e-01 -9.700270961651390467e-01 5.533985808315202912e-03
-1.441578364674170887e-01 -9.998595515480762641e-01 -4.163122552630310440e-03
-2.224973732502912305e-01 -4.533903678822039929e-01 2.594896239431158241e-02
4.389876259953008897e-01 -9.797729814836261264e-01 2.276797832234973146e-02
6.933124731907494565e-02 -9.814587649908915745e-01 7.140752126426810203e-03
-2.036007180122845206e-01 8.700210117793164555e-01 4.025957268376910425e-02
5.115913315003358663e-01 -9.931516816150506299e-01 -3.237244277597271791e-03
2.252353005781137368e-02 -1.016592456170387404e+00 -2.765636627763474326e-02
5.464054017826689424e-01 -1.042430019329616986e+00 -8.305621044549406709e-03
-2.196385494212128170e-02 1.012172931223787931e+00 1.083999172223058458e-02
3.592237857704754234e-01 -1.014192229677905122e+00 -4.430071380131045400e-02
6.303024449634698767e-01 -1.000607184205901667e+00 3.139368388909127838e-02
6.478142621970269799e-01 -1.001170415753813492e+00 -1.793252135159130803e-02
-1.730472346807938044e-01 1.010957799192661488e+00 -1.779878701358137208e-02
-2.616320632020222373e-02 -1.019707729158080278e+00 2.186734575521148000e-02
7.414540539203992031e-01 -8.588489258360652023e-01 2.789070050731491321e-02
7.813768163915008058e-01 3.886631551753252367e-01 -2.144572256773586913e-02
-2.344673724843911455e-01 -9.071837953091235196e-01 -4.104007437236881044e-03
3.973235118145556077e-01 1.020531328667023452e+00 -5.627613142716845780e-04
3.319621159570598778e-01 -1.002039401515622430e+00 1.568379511082726658e-03
7.710589757327680482e-01 1.320166637159749246e-01 -1.842991607613896771e-02
3.644451333786646319e-01 -1.007856861103472168e+00 1.499966465894814020e-02
7.611100923204969781e-01 5.361743333437347658e-01 8.446182755934462591e-03
7.635235362390806468e-01 -3.356293744009300473e-01 -3.850739754094085945e-03
2.644441073645351081e-01 9.799425270298378621e-01 -1.387358019909305795e-02
-2.244027498569298451e-01 9.389685091464065048e-01 5.634107839860200660e-03
-1.917859445233642823e-01 2.884702024428698053e-01 -2.503866924580123651e-02
7.924551561020481971e-01 -9.248660633956443666e-01 -1.758751276660715235e-02
5.640877919734047508e-01 9.863581136454301346e-01 2.048328496182452718e-02
3.171938868881279960e-01 1.014560348801507805e+00 -1.501500885008950036e-02
7.394309249488497660e-01 1.010641855668619860e+00 -1.120266225811031649e-02
2.327772957931453501e-01 9.684114269153101251e-01 -4.051576543770961402e-04
7.563554853267180356e-01 1.949320798914430664e-02 4.259327188847320846e-03
6.469454445078710592e-01 -9.193314391405136288e-01 8.408512621561668385e-03
7.643856673039870486e-01 8.103266995371948278e-01 2.384995255337054101e-02
3.349956112311422984e-01 1.003963094037465087e+00 1.636772981762571466e-02
7.353077880119867071e-01 9.975570603723193930e-01 4.355892342688645613e-02
-2.191819063422880964e-01 4.240570388490533249e-01 -1.665776051940807967e-02
2.400581339406197834e-01 9.643263138864203166e-01 6.104582002934138933e-03
6.855878632677531170e-01 9.934216344824670086e-01 -5.259592693713410760e-02
-2.127277410149972514e-01 1.710385120761474531e-01 2.418950704578682123e-02
7.751347623838048539e-01 -3.286525311900814206e-01 -4.519779633491995650e-03
2.069988355188342455e-01 -9.969599524745951236e-01 -2.435992243484065220e-02
7.353753242111091826e-01 1.060706228695089681e-01 -4.773389147316809203e-03
7.801475102103192505e-01 -6.621132673675128588e-01 -1.059138747127658792e-02
4.166705533363292413e-01 -9.933406823601460545e-01 -4.183910743500728752e-03
7.799685448649397168e-01 -2.270277644275290607e-01 2.329173141830785665e-02
-2.092578109700446720e-01 6.382516685232215714e-01 -2.178336602955295923e-02
7.630932172251306822e-01 4.324891919242095373e-01 3.714436583023647542e-02
3.828555339552882630e-01 -9.842009011778705130e-01 -4.304205202252699841e-02
5.579033281871453864e-01 1.003473820566344932e+00 -3.164231996139935804e-02
8.011117563125790264e-01 7.090848069837666356e-01 1.802327735680394477e-03
-2.171317557907299911e-01 -7.660263278511848517e-01 3.268419351533171334e-03
-1.906445228937124481e-01 -2.170856867662517287e-01 9.843068767905837832e-03
-2.417298102068860532e-01 -7.877625191477413136e-01 3.728354741510478583e-03
-1.456428270207972032e-02 -9.995254507530421106e-01 1.653895392426389666e-02
-2.386345519023773676e-01 5.904523870134727181e-02 2.600620921273059244e-02
-1.480410168639332245e-02 -1.004071447642473025e+00 -1.234069449089532713e-02
7.903235890077059400e-01 -5.417382572003446306e-01 1.453100518857752647e-02
7.564559521674826259e-01 -1.309568104028485669e-02 -2.123039230594442675e-02
-2.469995572067393286e-01 3.010135269051804618e-01 -1.223826168154533781e-02
-2.225668520035168629e-01 -1.025946346939964338e+00 3.174728195247210338e-02
-1.415553955827666133e-01 9.956507925998918651e-01 1.796227572294363181e-02
-2.184959348701658033e-01 -9.802783505779144591e-01 -1.182449393032580960e-02
7.883194712519426828e-01 5.909995296038195178e-01 -4.107636737322107462e-02
-2.163950902423697475e-01 -6.122939631293213003e-02 3.084547389619605659e-03
-2.247447150583017639e-01 -9.535515854627871768e-01 -2.075214344276843717e-02
-2.080618232896976616e-01 4.907624871500582131e-01 7.674902273911785554e-03
5.131250105224602898e-01 9.832957131507447102e-01 -2.356566427339125067e-02
2.663330461336314015e-01 1.033185670019970193e+00 -5.170811969234049427e-02
3.953370272933813823e-01 1.018470735108616188e+00 1.667877694802598343e-02
5.009865138348292835e-01 -1.004813630726684837e+00 2.131075481884342829e-02
2.637002203020076263e-01 1.000171602646432234e+00 -3.144881017539996604e-02
3.651916672007068931e-01 -1.034784899014883797e+00 4.949292569985063155e-04
-2.400522184007592985e-01 3.106365855012659383e-01 -4.619967864808598862e-03
-2.305901096939190209e-01 -3.678017178246613672e-01 5.709787902162749909e-03
7.846631743903565992e-01 -1.443065454193074026e-01 -5.329024819753481156e-03
2.841136411428858977e-01 -1.009096579441083330e+00 -1.554794199786116091e-02
7.747662920479582160e-01 9.548982936216355855e-01 1.092296594858284137e-03
-1.717012442765843694e-01 -9.994804401796665294e-01 1.463466922551104159e-02
7.960304766430880141e-01 -8.465039292400548809e-02 1.005739864911129287e-02
7.730905178924233345e-01 -8.818252594895659158e-01 7.571853310598103577e-03
3.902314691669850344e-01 9.933200927635007504e-01 2.093323859267115592e-03
7.474436722682493706e-01 8.980325313481276606e-01 -2.220222097954696757e-04
3.814553538908995733e-01 -1.013546167351500715e+00 -3.762119601104012279e-02
4.963551102741282084e-01 -1.008754617871030712e+00 2.072961294624587648e-03
2.668658916462012670e-02 -1.012653404395898793e+00 3.899420017858680910e-03
1.998528094144812542e-02 1.032122243947852125e+00 -1.280591146519900227e-02
3.636225662502188261e-01 -1.000081628165684355e+00 6.471424430375754058e-03
7.690784122137360734e-01 4.486791023907787390e-01 -1.659263266740056489e-02
-2.340799875623731097e-01 3.518674040417117399e-01 1.815626719666408456e-02
3.769393199364524938e-02 1.029633368658519954e+00 6.600129031153105855e-03
7.661382632267556003e-01 -9.121359735938451285e-01 -3.814314382625772718e-03
4.278615960651997452e-01 1.010489101644349352e+00 2.273789650102648122e-02
7.954395956891151531e-01 -5.925950807605202542e-01 1.354932683764919696e-02
7.446646234402963804e-01 -1.018754072420219980e+00 3.171152172278622616e-02
7.980044785343999303e-01 -2.899794912175368000e-01 1.405825964722417706e-02
7.608582549921676375e-01 4.713570802565545947e-01 -1.206264382458190239e-02
-2.471251627433612985e-01 -7.834281408151926307e-01 1.123291502495646528e-02
-2.292228133131569978e-01 4.514428764313428988e-01 1.180825500597574088e-02
7.743383286276029898e-01 5.558282217999764852e-01 5.833224934203886693e-03
-2.385863867364654001e-01 7.851685495725940767e-01 -2.241084976988449648e-02
3.222033801406786191e-01 1.012687818434936160e+00 1.615310352132878421e-02
-1.397493391549276265e-01 1.006624697907863686e+00 2.238824988734671589e-02
-2.517960810539102701e-01 -5.557597526378311725e-01 7.385467160154023450e-03
5.959917636236440330e-01 1.035989612658668957e+00 -3.992049283653844455e-03
7.676803805998956287e-01 -8.953186151060053000e-01 -3.189389007275250654e-04
-2.242887803893162946e-01 -9.938037869001353775e-01 -3.551406626890810103e-03
7.365522668815708274e-01 7.185385846158446332e-01 2.611118927601960987e-02
7.611206455958380301e-01 8.217656697955043332e-02 3.941379679094343669e-02
-3.127010513732688540e-02 9.984519525514969907e-01 1.795216982794901536e-02
6.960164535124065965e-01 -9.751497849191083089e-01 -2.925300749828649988e-02
-2.445847615838937228e-01 -6.276176579972610366e-03 -2.488213142959494473e-02
-1.862426392232232053e-01 -9.734052713796610412e-01 1.149741184401896835e-02
5.801617475230254062e-01 -1.002624585201206564e+00 4.540277754487246666e-03
-4.352937637473134475e-03 -1.018210162380845274e+00 -1.553931846022160897e-02
7.897991626318928704e-01 -7.496077095206946650e-01 2.196641732243923006e-02
4.770041013183798362e-01 1.033425409457337851e+00 1.367655643064753096e-02
-2.253557117557451195e-01 -3.718375637679179335e-01 -9.633009256668626993e-03
3.626942923377101113e-01 1.016578411336651611e+00 -4.985131162385370018e-02
-2.469180984939596812e-01 6.233087752397130643e-01 -5.658633069111501657e-02
2.838748731417190529e-01 -9.632372992296944769e-01 9.992265588288640199e-03
5.145483477042066545e-01 -9.893989460250827150e-01 -5.456527233654485595e-03
-2.650202016302837249e-01 2.342266123565105718e-01 -1.107071765182127653e-02
-2.210076595326675997e-01 -1.004512505584632676e+00 -1.965451161044728598e-02
4.752511307743111924e-01 -1.007402392588482964e+00 1.682400815072067693e-03
-1.740396541424883148e-01 -9.562385471456749109e-01 4.040766777463274638e-03
-2.546750615047957411e-01 1.602455387423698530e-02 3.505632175605859907e-02
1.309246889405005776e-01 -9.957468788674677107e-01 -9.923322056305137681e-03
5.256091029733053199e-01 9.857814316820250333e-01 -2.107937448376478659e-02
7.445928761226228154e-01 -9.089838194812915884e-01 -2.985424521715498644e-02
6.885874312249236073e-01 -1.032962948084821253e+00 -2.631552032250020472e-03
-1.795663944451240945e-01 9.939965832451155281e-01 3.675988603472358368e-02
5.574542299859620575e-01 9.927112354380761561e-01 -1.436555066157491935e-02
4.427286886702900270e-01 9.671176249771705757e-01 -3.703129904351647878e-02
-2.092552844874195905e-01 7.060359330575810555e-01 -7.378010363317960736e-03
-2.252386939575062585e-01 1.263985487021387910e-01 1.009558246033406478e-02
8.024897316998521601e-01 -7.770170323288585479e-01 -7.932913835751791154e-02
1.276196120020463842e-01 -1.005301293011154451e+00 -5.240627299459578968e-03
1.168506272525987461e-01 -9.848146636946383259e-01 7.162627615247218159e-03
7.678912570025410167e-01 2.232381388117760102e-01 -8.924765049487925345e-03
7.795076823322160120e-01 -4.737260433597604292e-01 2.126475021659875522e-02
7.600090187899462002e-01 8.389911342838877184e-01 -2.873539790211833075e-02
2.004746723995414759e-01 1.017343575273236933e+00 1.072536093634018917e-02
-4.723738483398964849e-02 -9.981919998103392366e-01 -2.189513688838282818e-02
-2.537928609032797378e-01 3.677212781223481164e-01 1.825649388966933684e-02
7.597773850781153193e-01 8.958165382741333227e-01 2.466637362532294112e-02
-2.303729027941488483e-01 5.357102387354485407e-01 -1.684723173725281159e-02
-2.117939730287411171e-01 -1.024224421976089650e+00 4.021389421020401915e-03
7.664649507273297857e-01 -1.004664099179721992e+00 2.085542074834467307e-03
7.649423861099231836e-02 1.019405709685018868e+00 -2.932472087993095999e-02
7.424541831491484611e-01 -9.986008947517239775e-01 2.995446294698352746e-02
6.461782254103536349e-01 1.026658434864567315e+00 -1.071976498194905474e-02
7.806471378373508463e-01 -2.723027895563427947e-01 2.946864660618142215e-02
6.433491780291833440e-01 -9.856563882258321252e-01 -2.396648108598426266e-02
-2.212195125913949401e-01 4.836610478202678087e-01 -8.744504469897915883e-03
7.588289861036734418e-01 4.534739925441235719e-01 8.543693802916653077e-03
7.745083738568467879e-01 -5.990706395605198686e-01 -5.195361751616759186e-03
1.804240699365287914e-01 -9.687267551998592907e-01 -5.359493093745674314e-03
4.616238464145557274e-01 -9.769122644365664243e-01 -1.915997001463553770e-02
-1.944504771342262239e-01 1.856023941985703862e-01 -1.103224001493149399e-02
-2.038777351344146782e-01 -7.833988154669205839e-01 -2.793008376378061652e-02
3.616544167281264821e-01 -1.007169728883854587e+00 1.076244755417341860e-02
-2.083654953029038803e-01 -4.729915260554339862e-01 -1.095667089407437178e-02
3.685241632889504348e-01 -9.662651599506246747e-01 3.555618519886503265e-02
7.405509278653441552e-01 1.023371104816872990e+00 1.755723852786406428e-02
7.659931081267421504e-01 1.541051428459657147e-01 -1.924329673408580257e-02
7.748357498047674374e-01 -6.787080097156823477e-01 2.656079128715861312e-03
5.692191468474306904e-01 1.005856133690123944e+00 2.961580874049886056e-02
-2.326812507558335130e-01 -1.467489090018833375e-01 -5.156636248405900048e-03
8.029821963079812885e-01 7.274901525284107606e-01 1.885236243661609842e-02
7.577535397167470821e-01 -9.839560107214453955e-02 -1.358053102032518410e-02
-7.659561483170375384e-02 -1.000720006421055075e+00 -9.621498547396160547e-03
6.211500837709331702e-01 -9.592487883801702475e-01 2.691441960941872574e-02
2.536833771756322187e-01 1.016647447997410136e+00 -2.362772926007081914e-02
4.808127999360956584e-01 -1.039946814606813152e+00 -1.153295513583299688e-02
-2.531981172839251060e-01 -7.202374329985432588e-01 1.396211315530563278e-04
7.664811692647819363e-01 8.382755141431570411e-01 7.849383498439378021e-03
6.067813080092656630e-01 9.809178718210550540e-01 3.207374144489252149e-02
4.659286167348944407e-01 -1.009091672439698772e+00 1.511274724824355868e-02
2.741448035317152754e-01 -1.012252749357724912e+00 -1.819895071786154991e-02
7.640537122739132769e-01 -2.342782360824929508e-02 3.069393339737698165e-03
1.597518788616124841e+00 2.643004668082864939e+00 -4.971132504545727748e-03
5.852700189488331262e-01 -1.721608199211228207e+00 8.416965676899376692e-02
1.449161994035996770e-01 -1.122984698388768132e+00 -3.169833355432265243e-02
-5.009645300182485883e-01 1.937064597406427779e+00 -5.576741953721984363e-02
8.269732191250600550e-01 -1.289550379695551863e+00 -5.471892070949287146e-02
1.742899661185766114e-01 1.795457991458728308e+00 1.184177921108187093e-02
-7.523278856250167346e-01 2.684033854187213741e+00 -9.567536009465678337e-02
8.554715928248781687e-01 4.118257640493498961e-01 8.300880145115055453e-02
-1.537851561358012376e-01 -2.537525266520443523e+00 9.012050611537747447e-02
4.524486328295096449e-01 -3.462875365162374486e-01 7.519557905952059529e-02
-1.178798318134215872e+00 1.238576933509577316e+00 -6.494318620322314661e-02
1.524483369818388834e+00 -4.833898836787149378e-01 5.847914560959829866e-03
-5.104983455045175589e-03 -5.202047017496767012e-01 -8.284623517111651403e-02
1.283218554077217188e+00 5.095732319847114944e-01 -8.785531506018331993e-02
-1.598494306660889208e-01 5.182599827372453838e-01 1.099910788159599861e-02
2.216761233406843168e-01 -2.422838917411486825e+00 4.696388741171536596e-03
7.953276112181790758e-01 -2.832403464216361577e+00 -1.040507292628312097e-02
-1.022921750606715197e+00 6.679401859614921833e-01 -8.469331476831856720e-02
1.639801489821890890e+00 -1.666786076480448298e+00 -7.578207144760114311e-02
-9.648109975160240603e-01 2.857922688374914699e+00 9.321573935257729260e-02
