5.115662889872049091e-01 9.847731460767614742e-01 1.231387033894210635e-02
5.446636234035818758e-01 -4.759836387221677567e-01 -2.858809593563915816e-03
-3.989733626202728034e-02 -1.007502369044520840e+00 -3.399296118911517700e-02
-4.423917488649168894e-01 1.028546749247340797e+00 1.435919940274054882e-02
-3.955640844179078575e-01 -1.049221027290717201e+00 -1.611202974168507787e-02
-2.585616694977120877e-01 -9.892031949708630645e-01 2.565430480639534910e-02
5.328583104012779570e-01 -7.056289609120060258e-02 1.524765641768393827e-03
-4.671006014200155820e-01 1.909382856555937313e-01 -2.081935842976361667e-02
-4.753350960277144543e-01 4.257913882957187202e-01 9.703160134536864892e-03
3.881013750946831209e-01 -1.045719847626822574e+00 4.544351637339494841e-03
-5.785727154559718033e-02 -9.907353529438786000e-01 -1.565928777356096271e-02
-4.366242532304445700e-01 -9.398841543859834946e-01 -3.687895021668678719e-02
5.283125942843774903e-01 5.271184607936468813e-01 -1.493447634700062476e-02
4.302713565873415025e-01 -1.018242699212499769e+00 3.213509023539428029e-03
5.334986581762828362e-01 9.744783897175912646e-02 1.332451340558636968e-02
-2.897978585098947013e-01 -9.966062168185361170e-01 3.174630498506491195e-03
-1.014714997130544867e-02 -9.739821710857191617e-01 -3.409411562149460700e-02
-6.859824093675370715e-02 -1.014678404977721993e+00 3.337006195072826642e-02
2.988975576363135933e-01 1.016504806299522112e+00 2.203067698503362315e-02
-2.780406015189959001e-01 -1.016585896653827259e+00 2.167691718682794588e-02
2.269774677423913867e-01 -1.021358806222742777e+00 -1.027490380157737061e-02
-3.016493653339347714e-01 1.015407795012311487e+00 -1.346118478372947255e-03
2.894903288032813493e-01 -9.925686885351072686e-01 -4.084462491918725013e-02
-4.330032779540068377e-01 -1.005166833692455519e+00 -5.346957320682626386e-02
-2.439753529253281816e-01 1.006575925704541907e+00 -3.638702217106826609e-03
5.781212629289836924e-01 8.174398933722663019e-01 3.495578039885298242e-03
1.395107163772986436e-02 9.791075903020209914e-01 2.862185998971520512e-02
-4.605221129261624635e-01 -4.618539234339167354e-01 2.373373715869143627e-02
1.612531566426755048e-01 9.651585847267082352e-01 -1.469749852258886956e-02
3.499731073278238014e-02 -9.917071282982545810e-01 -3.098841418778983028e-03
5.272311082861003140e-01 9.864825999289200675e-01 2.675465751434544237e-02
5.357036563348915870e-01 -4.364579244784650425e-01 -7.367722294851969172e-04
-1.191149542432395764e-01 -9.810951504742607687e-01 3.156388848570772232e-03
-3.268620214470000646e-02 -9.992958991891204290e-01 -9.665806911221796680e-03
-4.416929782274750527e-01 9.942108783709898701e-01 2.746059873440298560e-02
-4.639216257842174174e-01 8.658904688564034169e-03 -1.950606680577889399e-02
-4.462055411321174114e-01 -5.808619654249462805e-01 4.805170579876076944e-03
-4.702321459169750972e-01 9.171842222187375215e-01 -3.106045177066728280e-02
3.403003719509011260e-01 -1.016784721861679675e+00 -8.404388108964501100e-03
4.705522443646137365e-01 -4.748336604418888496e-01 9.513762326066934130e-03
-3.942797985581877884e-01 1.015629990356206047e+00 -7.233005761343602562e-03
-3.560990644708435238e-02 1.001051814541203955e+00 8.425641545297197360e-03
-1.840157454108018453e-01 -9.757510764407545389e-01 -6.040454535105889075e-03
4.953061467394059836e-01 -4.955508889400304651e-01 4.066488411905096884e-03
5.303425119958123934e-01 6.050244457013569110e-02 -3.514288142796524739e-02
5.531548828206435120e-01 -5.091917908532562764e-01 1.580330114529212779e-02
-5.064016413497348656e-01 -5.319591186728159227e-03 8.658552697199370417e-04
-4.450336865393653141e-01 6.176130850530038296e-01 -2.353409664142283933e-02
-4.299839823202226685e-01 -1.030548133782679399e+00 4.707694653933820056e-02
4.131043394213522735e-01 -1.006578106665181993e+00 -1.517666991235074384e-02
5.158921548471989693e-01 2.281501826217157969e-01 1.528209291971988244e-02
2.524663467654331139e-01 -1.018157547438237165e+00 -9.668666134678906288e-03
-3.107201619998793407e-01 -9.901330253175456564e-01 -4.395969961657545701e-03
-4.699512785370159595e-01 -2.091945426675289321e-01 6.766891350325018699e-03
5.316926368106867917e-01 -7.801785483606640259e-01 -5.490465792973317147e-03
3.631057680599124593e-01 -1.012145935116824713e+00 3.390287678342679412e-02
2.740327130357528285e-01 -1.009307694207877359e+00 1.492188943086247659e-02
-2.291916969460881526e-01 -9.892749112333312222e-01 -4.024489254128516859e-03
-4.654478749750243782e-01 9.887334552589005510e-01 -3.170797892039046518e-04
4.985884769744136080e-01 7.982029004861888044e-01 -4.196246766951988033e-02
-4.513008903816364548e-01 2.521385498252022295e-01 -1.096495661645196379e-02
5.311386838816302136e-01 3.736671591835017403e-01 -3.570693694854837515e-03
2.460113812571817771e-01 -1.011951520475443012e+00 7.166786552864662548e-03
4.410599847490351277e-01 -9.875476100834005289e-01 1.804216111571436271e-02
-3.986053313962720224e-01 9.785990989615445113e-01 1.959363729351669761e-02
5.065942129048536247e-01 2.287993483181994803e-01 4.050269988079412023e-04
-2.524412480180589571e-02 9.845130552615323216e-01 -1.430789831474624414e-02
3.706292378747975125e-01 -9.721705959772050099e-01 8.697048111560660641e-03
-4.540040913671041789e-01 5.660033662539512012e-01 -3.684700443906400742e-03
5.496167766011140765e-01 2.244156659525469166e-01 2.144995620619529961e-02
5.228962348281845918e-01 -6.292998361049113587e-01 -7.250021605678999559e-02
-5.670140907271699338e-02 -9.730012542865862368e-01 -5.874762967596953468e-03
5.132465274701365487e-01 8.432683634926887439e-01 1.834213196927328426e-02
1.727202050323429355e-02 -9.818372347058547112e-01 -1.118996921860072186e-02
5.306383647205467069e-01 7.938646478955382335e-01 2.346487808890343474e-02
-4.895792377725676214e-01 3.825619577598543541e-01 -9.310232638400188498e-03
-1.366636763947473576e-01 -9.924515522272100432e-01 -2.524154631697206937e-03
-9.228018066388635199e-02 1.003248939004345086e+00 -1.701677614166195035e-02
5.133576842328633205e-01 4.152412366456337267e-01 6.295307350327475349e-03
-1.978175085711556536e-01 -9.639422551551150020e-01 -2.733975338782997436e-02
-4.605370944830061708e-01 7.680066455023155658e-01 -6.230780788094242642e-05
4.540058356920000371e-01 1.010850695253387777e+00 2.633865885470587642e-02
1.476191988756171136e-01 9.965064219977639581e-01 -1.410005290328246452e-02
-3.188056991015804642e-01 1.044947996777085386e+00 3.774626874265071472e-03
5.142224402916246717e-01 3.255113578310688816e-01 2.161087079447602394e-02
-4.724956402384597465e-01 5.215076794978160679e-01 2.526742070587121875e-03
7.052830706404704386e-02 -9.994107058186810777e-01 8.320641970875291768e-03
-1.452463973869981828e-01 -1.015882716726483892e+00 -4.341494745326383853e-02
-3.358153935232127130e-01 -1.000368233393666317e+00 -1.381107938023881307e-02
5.056613732871536593e-01 6.285253382121948340e-02 -1.455846361670720679e-02
-4.379742747394587132e-01 1.063921521404028181e-01 -8.777605782722063335e-03
5.643440853229449994e-01 -3.067056746194213313e-02 -5.882045816414366475e-03
1.565829997766165771e-01 9.825364026288817554e-01 -9.906059226458950595e-03
4.681202611208458153e-01 -1.027100888047218996e+00 2.500597739729054289e-03
-4.982075603281134746e-01 7.430896352728136867e-01 -1.184558763834719572e-02
5.492105915381496617e-01 -1.431398134165132001e-02 -2.870873811391830288e-02
3.387435279444029890e-01 1.012778642229240189e+00 -6.937200910356075383e-03
5.368830558154435995e-01 9.170577443678233909e-01 -1.223425028641270638e-02
1.810077360115348866e-01 1.042318504646345456e+00 2.472882183704571898e-02
5.111259653584391272e-01 -8.479414616188331033e-01 2.746374862605337891e-02
3.907547654237788493e-01 -1.012058146413581161e+00 1.843674891049082443e-02
5.110258566123830892e-01 3.692129539717071696e-01 1.463947769124302606e-03
-2.684353026153707966e-01 1.001413774305983884e+00 6.814556931243010915e-03
5.140781744403881692e-01 1.724670768847190172e-01 2.099297543763854659e-03
-4.007709277008685844e-01 9.990809504764500693e-01 3.693557493324881036e-02
5.648155091902989922e-01 -7.799036879605651951e-01 1.369958101000095033e-02
1.341257816018097959e-01 1.017595504870391965e+00 -2.855791304738160979e-02
3.065615350038498194e-02 1.023581252222411031e+00 -1.132439362999021308e-03
-4.842334704272049373e-01 6.124249882934095224e-01 1.306238669475169893e-03
-2.940988084370776412e-01 9.956436131294972292e-01 1.822736484234244170e-02
-1.313989949035968552e-01 9.786530659574228519e-01 -3.436033963015709507e-03
2.505246972037243336e-01 1.018921544699114889e+00 -7.338846646050557233e-03
-2.276954284410590834e-01 9.882481900733539604e-01 -4.212947565152545294e-03
-4.645556019710075923e-01 6.210855435050340878e-01 2.415715614565046993e-02
3.516806909135758996e-01 -1.006053708263120905e+00 1.783641632948830547e-02
5.495980287841522038e-01 -7.491384954886374237e-01 1.138763615833363919e-02
2.217560825753506215e-01 -1.017196217345091025e+00 2.674030809053619222e-03
-2.784335658682444703e-01 9.880877608610894036e-01 -9.884243534519669000e-03
5.150017712363886835e-01 -2.281937296078102861e-01 -2.678538118415845111e-03
-4.901971910502682661e-01 7.447023736938436222e-01 9.544957994997549378e-03
5.185172329449320161e-01 -4.325832866830831014e-01 5.931363760803121110e-02
-2.117838753078631342e-01 -9.465870177472001101e-01 1.705810110554836431e-02
-1.624848116199406611e-01 1.048277415422412595e+00 -2.897415625220855703e-02
-4.622588203639535487e-01 -8.280715485697193179e-01 -2.396270938156460500e-02
3.897112155426661340e-01 1.025509530499832511e+00 3.510689818152154962e-03
-4.739810475117534061e-01 8.156221695511780556e-01 2.546214927528937105e-02
3.995440291246888376e-01 1.015265049229061578e+00 2.692968001342582306e-03
3.619575864575179658e-01 1.003284040859399262e+00 2.937524105726337792e-02
2.808659829367150529e-01 1.003386557448912253e+00 -5.583456965309852721e-02
-4.784501330490646964e-01 8.245827700321184395e-02 1.228604818064341422e-02
2.669372642021985986e-01 -9.688832067229554701e-01 -6.774035448130483542e-03
5.412281740311304379e-01 -4.656239377857003259e-01 -1.290789119161897536e-02
-4.537881522632426501e-01 6.440572397625056178e-01 5.240873343754544854e-03
-2.917313519837119729e-01 -1.017312117073608801e+00 -8.370829688546306980e-04
-3.998713245547777517e-01 -1.015788191994599909e+00 -1.405894022464367153e-03
4.975352365009941824e-01 2.758752823554043720e-01 3.152153947281503138e-02
-5.086563999900309829e-01 -9.585270706350687009e-01 1.510653047202615597e-02
-4.659864583158686568e-01 9.501256047993840159e-01 -2.574951690078155012e-02
-4.548920552272818218e-01 -2.602025396091741105e-01 -9.026856890045939497e-03
2.994670462625497950e-02 -9.845772612831497073e-01 1.355851083311949068e-03
-2.084674988091294590e-01 -9.660748283914986079e-01 1.999433221452910289e-02
5.248196154345903253e-01 2.819458664134015802e-01 -3.057200476996886976e-02
5.602264257290385796e-01 7.485674776491221261e-01 -6.066864592742963157e-03
5.313098769258872700e-01 4.279771523046510540e-01 -5.249290912920269100e-03
-4.545389802694506098e-01 -3.347968654047776549e-01 1.335109948456119321e-02
-4.601308767847590575e-01 -1.024154936400242244e+00 -1.106280375156708760e-02
-4.544317130564448082e-01 -3.006975370678434678e-01 1.004893402032700986e-02
4.882234565861804376e-01 -9.900480523459227467e-01 1.136862567605950551e-02
4.992530146810301717e-01 -6.128050486945019193e-01 -3.072525316653995295e-02
-4.621118939022083594e-01 -1.010391497999805210e+00 2.813919978326192770e-02
3.516835269679551290e-01 -1.012352072277178605e+00 -2.341975363760249833e-03
5.237493216565137777e-01 3.469789449967999873e-01 -1.060911243629315305e-02
-5.045412952638896886e-01 -6.143631816083402475e-01 -1.891393303858952867e-03
-4.677423642466191911e-01 1.712969290436140435e-01 4.549715671460708571e-02
-3.242750976152051767e-01 -1.008472362298731495e+00 -1.950492751684373624e-02
-4.003429200090832252e-01 -1.003693173227544921e+00 1.684810290920519746e-02
4.940888833324550422e-01 5.190902979301897924e-01 -3.443571907843922392e-02
-2.443342342676001200e-01 -1.025929350317012156e+00 -9.464543139118226228e-03
5.316162590266524379e-01 1.034948625672595490e+00 9.371294717434783521e-04
1.700341600960503241e-01 -1.003793511512407477e+00 -1.144896859692462118e-02
-4.459402940173584073e-01 9.797246538891088430e-02 3.688416852200530113e-03
5.338363334401631244e-01 3.461987067100286142e-01 -2.273649165889701437e-02
-4.649900148931712662e-01 -1.405485868431252672e-01 2.147916336146912103e-02
9.900764494852092035e-02 -1.009103729829660123e+00 2.084398368516853992e-02
4.011826337084041239e-01 -1.050163534440309743e+00 -5.270792276641447435e-03
5.173918624468604177e-01 -7.449244047610554809e-01 -1.163402547302342781e-03
5.604361005115801042e-01 -1.037338299681975551e+00 4.897270308632763886e-03
-7.558008145029532221e-02 -1.002706886111762730e+00 5.982193261645411299e-03
4.789658691941993673e-01 9.919046451594487612e-01 -1.516552855303503720e-02
-4.889103264296590923e-01 -4.801334520203917600e-01 -2.755099227625496319e-02
8.299660511080289571e-04 -9.988641483853785141e-01 -1.993298332954502455e-02
5.391066037824799873e-01 -7.814607220357560058e-01 -1.950558596201577117e-04
3.867577696268841292e-01 -9.833660685361660381e-01 -1.007444151659932924e-02
-1.511380604931860661e-01 1.016706893617397078e+00 -2.150219111516778886e-02
5.193101540719606835e-01 -1.031252110445913667e-01 -8.974964594337189044e-03
2.595806166836101547e-01 -1.002133465710702831e+00 8.244942052032086868e-03
5.292988746643545461e-01 1.031658537794306385e+00 -8.683758438627134368e-03
4.938285190616560905e-01 9.911768979015831427e-01 2.682460185025037011e-02
3.280959658097037240e-02 1.021963265911463026e+00 -6.233422829187920330e-03
-4.632923221659474705e-02 1.006189112921560325e+00 1.127450417666531202e-02
-4.576956608226429579e-01 -3.732912376181957148e-01 5.477503372978261009e-03
-3.256470847022408521e-01 -9.788044996007397858e-01 -3.418951569393110937e-04
3.854649634837863936e-01 -1.015747209358807579e+00 2.614623218150080239e-02
-4.979504051697801748e-01 3.980828895637206211e-01 1.569155253330991109e-02
-7.291179575630445109e-02 -9.677004791228011049e-01 -1.047725964470832757e-02
5.260071792677264435e-01 -2.631730928552519222e-01 -2.462241440274265392e-02
4.917543395544099472e-01 -9.570196741656575856e-01 -3.226971981452591426e-02
-1.375096632566350785e-01 9.816731562413809620e-01 -2.084075129389298398e-02
-3.890097446978205697e-01 1.016613935070564967e+00 1.012316639851766446e-02
-4.753122044881377684e-01 3.533670033612136274e-01 2.089861676591986059e-02
-4.713035465383770273e-01 5.772432695209991360e-01 7.170242693701790737e-03
-3.853717861029600233e-01 1.031726491513160093e+00 -7.442692256625887959e-03
-4.774800877547878963e-01 2.857420088531544833e-01 6.346544060316125328e-03
3.215497478216112204e-01 -9.914352177314595949e-01 5.018228427108737712e-03
-5.260667395585798545e-01 7.072634036578506755e-01 5.638503789413844627e-03
-1.205032154623902896e-01 1.013937508227205742e+00 -4.612380489245053450e-02
2.462337931709381866e-01 9.586296751075247258e-01 -9.042676963407306548e-03
-4.658415045246686592e-01 -5.719059011797263947e-01 3.620144254961032287e-02
5.222543613951309283e-01 -8.697757784176539664e-01 -5.049219789503035620e-03
1.805582172584800082e-01 -1.005632014861602030e+00 3.767557368163628427e-03
-1.315395258761324682e+00 -1.046639222298750171e+00 6.037119463313989076e-02
-1.728599522083267281e-01 -6.864112293368185291e-01 -8.791873455642321145e-03
-8.168374842746308762e-01 3.317078880113322192e-01 4.500174248564753343e-02
-1.073854405599688366e+00 -1.420047343867269385e+00 4.259505233391691625e-03
2.834870703123602009e-01 -1.158191572577168760e+00 2.509839418966719471e-02
2.648859994178891508e-01 -1.725880566733147381e+00 5.366008693347187886e-02
1.486966239389260869e+00 -1.937131007567760577e+00 -5.703767266914377965e-03
-2.328894653514963498e-01 -1.631092567287788508e+00 7.484132622399938817e-02
2.431380192820145059e-01 2.305236800185316959e+00 -8.196882754661315162e-02
-8.030887336708348867e-01 -2.642632246832233189e+00 -2.748893391259828178e-02
-1.422394860193067823e+00 -4.409872558071543658e-01 5.303862823020505379e-03
4.306834911454957560e-01 3.984570795198854043e-01 4.543990328472333196e-02
2.342662804071780069e-01 -2.687333595863001356e+00 -8.425752605780933990e-02
9.328655242271810533e-01 -1.090135541925902896e+00 -7.055369336508479639e-02
2.416692119908174785e-01 1.763872403569316738e+00 3.749713110251026715e-02
-5.499637106794831309e-01 1.112010747742045780e+00 -1.806558634436432331e-02
-2.671340788220115670e-01 2.672942167192085883e+00 9.010898495765204408e-02
1.224838106122722925e+00 1.121437100295887390e+00 2.422544551708298577e-02
8.582749474541897516e-01 6.235712079211728209e-01 7.176542601644106401e-02
-1.102758619770009663e+00 -1.704310978274901300e+00 9.071041336806368038e-02
