7.368147444389080425e-01 1.044344027610529135e+00 -1.568472667567158765e-02
8.053511872564088625e-01 -7.905405120591165735e-01 5.257476355469340237e-03
6.963198954471092605e-01 -9.829534318426756956e-01 1.360124213066054698e-03
-1.342182667739268143e-01 -1.007922546330992652e+00 -7.662736476651533200e-03
6.681635708550787145e-01 1.011528775324896046e+00 -1.144266713263795802e-02
7.975015898461517150e-01 1.398383978857560724e-02 -2.637139810802339914e-03
7.091767676801330467e-01 -9.791597306026126324e-01 2.809880230966649295e-02
6.276189924886745874e-01 -1.031899761531918314e+00 3.830036683877984655e-02
7.784655488649491230e-03 -1.010733005468943624e+00 3.278406522875158824e-02
5.285998673771623302e-02 -1.031373119624815704e+00 -6.873972483072507238e-03
7.649013993076556606e-01 -1.007478134365282996e+00 -2.322728885983880651e-02
8.194329360716348098e-01 -5.315697535362391424e-01 3.295417118445693821e-04
-2.099438881475676477e-01 8.643091359989927280e-01 -1.123693269202351123e-02
7.343301247417451938e-01 -9.808657369515876301e-01 -2.243516191483257288e-02
1.671232995520061659e-01 9.938250517679242391e-01 2.135126346990069354e-02
6.292624887503160958e-01 9.969119927980415463e-01 -4.174461455005287758e-03
-2.368301677062520372e-01 7.371991268845141665e-01 -3.046138741524297144e-02
-2.231698102649231907e-01 6.494679273505927775e-01 -6.589808086060054866e-03
6.860598115896395788e-01 -9.551547459988488642e-01 4.786608009773693495e-03
-2.082747171277083698e-01 -5.673991358178859246e-01 -1.243027318587902261e-02
8.061369373440073760e-01 8.243060834243209900e-01 1.981393904584465016e-02
7.977460100291015044e-01 -5.625129724350986793e-01 8.656975726180523830e-04
6.465694135934390019e-01 -9.998419444258271893e-01 -1.334598108803173276e-02
6.566528292824672652e-01 -9.998797458531347715e-01 1.588875035255284812e-02
8.314770242695074254e-01 -5.427280989568010749e-01 1.953809501654210634e-02
7.697333288615912927e-01 -3.181074776045466623e-01 -7.153497594595600167e-03
8.202177059340965970e-01 8.247390909071199427e-01 2.252696047564038337e-02
5.648877306202827464e-01 1.012298530397536922e+00 2.164718886613227478e-02
8.034393785884443862e-01 -4.016929267256622027e-02 -1.335298358849767650e-02
-2.192497545404994974e-01 6.724619266204786561e-01 1.137854830078952398e-02
2.738907229694010348e-01 1.024861546610693175e+00 -2.401444940660034041e-02
7.512728599831270948e-01 -7.595221433442100878e-01 -2.569045556621958257e-02
5.465419910738921194e-01 -1.000871854378561521e+00 1.426320437864301779e-02
2.522967436593548385e-01 9.943519710108510434e-01 2.003185574602832711e-02
2.490687500831638701e-01 -9.970911005035958397e-01 4.178071714890243399e-02
-2.506614813174506962e-01 1.333189940245378402e-01 -2.177395532434987790e-02
-2.060859981203167768e-01 -5.126748458800706176e-01 -2.077966502229029386e-02
6.302251613326489421e-01 9.881418908605023033e-01 1.256659697703331469e-02
-2.174350672070610446e-01 2.787570155920341408e-01 1.291550908627743521e-02
-2.067909986405041811e-01 9.564085210051651575e-01 -1.126231034944571215e-03
-1.181457666518768296e-01 1.001012664874747049e+00 -1.468206466136366163e-02
7.915508229978036603e-01 9.491710815490768116e-01 3.332702848246764382e-02
7.635230142443757417e-01 -9.778658525029394477e-01 -3.121663688736944428e-02
7.827186203108568163e-01 -1.338999749336706735e-01 -1.893264867400558903e-03
5.925211606094760164e-01 -1.007783549469388085e+00 2.151632469531732095e-02
-1.568715420731083554e-01 -9.605512840196113178e-01 -8.860830870971123444e-03
7.555572103041721110e-01 -7.222915934265390359e-01 2.620743800462599707e-02
-2.537185543381426100e-01 -8.829166240263747190e-01 -5.294867224085582358e-02
-2.015599554403753046e-01 -6.099962046328304410e-01 2.193984449167016987e-02
-1.630494227668506380e-01 -6.990003797598876023e-01 3.065427487456894723e-02
-1.127298292114765621e-01 1.001024575238424807e+00 4.830530694706919141e-03
4.098510193752278319e-01 -9.817103420866896135e-01 -2.162126903919972185e-03
7.773026366672821652e-01 -5.736791360227474490e-01 3.514141544055503913e-02
5.147222725191905046e-02 -9.951795648144990958e-01 -2.942030998049648821e-02
-2.239635725854056403e-01 -3.221417084249227902e-01 -1.446914315000404766e-02
-1.075734767695564337e-01 -1.000902272103240342e+00 -1.111391701982122199e-02
4.370104742218961502e-01 1.017510009193923093e+00 9.187467557979443408e-03
-2.442621335116024195e-01 -1.027966684888073301e+00 -4.428113691616054372e-03
-2.447780664154329267e-01 9.085592705282516945e-01 -6.058405212063657647e-02
-1.248352869979304641e-01 -9.848235924155810395e-01 2.082478678524451315e-02
7.239641718045226604e-01 -1.027636597977404920e+00 -3.270685901503684375e-03
-2.295917017907753432e-01 -1.438425665292460964e-01 -2.543076727071547083e-02
-1.851660533268309206e-01 -4.208625459135165725e-01 -1.316931944541026821e-02
7.605578368947412127e-01 -8.274209922655928473e-01 1.938192305470545773e-02
-2.296881889647848507e-01 -5.277856859584337951e-02 3.409459447586803832e-02
-2.368602280416450545e-01 -9.213598853301270264e-01 -3.285232893442038143e-02
-2.392789223187564984e-01 2.240498615003268801e-01 1.103478684074547279e-02
-2.673211066877487219e-01 -1.842096441401960549e-01 1.402884896328545142e-02
5.670373947089630828e-01 -1.023666659566045745e+00 3.244073082493369869e-02
-4.016469999628703713e-02 -1.001298980818655204e+00 -3.448189837123844144e-03
-2.761854823417952964e-01 -5.687210952205444814e-01 -1.740734955834813066e-02
4.447037048112440494e-01 -1.005714663942695264e+00 1.862910361993959027e-02
-2.567245292934101086e-01 1.587348431133801460e-02 -1.389863530574934718e-02
5.202832330683022921e-02 1.055699671660087935e+00 -2.554919122118803551e-02
1.546222013202585843e-01 1.007884647676819290e+00 -2.090595394830879142e-03
4.070571760530491412e-01 1.021578953232614051e+00 -2.586639435656057709e-02
7.647274449247490891e-01 4.831096379172516997e-01 -1.007549322258899892e-02
7.096656241356884554e-01 1.001219303530884508e+00 -1.142102776373793947e-02
5.455090793248171810e-01 1.034304906546350988e+00 -8.646436481083315945e-03
-2.114652483262438598e-01 -4.538703540339454334e-01 -1.762332400344761296e-02
4.912557071915596985e-01 -1.001311016258691122e+00 -7.547559030569476329e-03
-2.217645881691213960e-01 5.873982877528016733e-01 4.038897014472567909e-02
-1.966834775505885424e-01 9.608195105103601863e-01 -6.780993444485537702e-03
7.976485340005773361e-01 4.587294714703380460e-01 -1.681148801645246729e-02
3.990583925068424964e-01 -9.963882487423114664e-01 1.503334010324385364e-02
-1.227888737159081034e-01 9.934264826208908383e-01 -1.597694001711261191e-02
-2.289620367130034140e-01 -8.975949007701458093e-01 -8.028641164511138642e-03
1.165593958188867602e-01 1.019205419128760060e+00 8.832527191845551337e-03
-2.191214177464220481e-01 1.209755435647318494e-01 1.931196797310322927e-02
1.784028285727013996e-01 -1.001683337348631575e+00 -5.041126866541774203e-05
-5.435549225572815224e-02 1.006318966128307846e+00 -1.266425827561448378e-02
1.850003642029666162e-01 9.548309642834813538e-01 -1.138516733970239975e-02
3.605455402366977702e-01 -1.003282400759541115e+00 5.697147233112624318e-03
4.909849882570323509e-01 -1.008173421848100215e+00 -2.772942378649726272e-02
-1.932002914281737427e-01 -2.084987998240874496e-01 -1.636054770777543160e-02
-8.908484761931499685e-02 -1.006557135618738386e+00 -8.383721403515126055e-03
8.107074300642229669e-01 1.029466730999050395e+00 -1.801209287186348110e-02
6.808439541606693679e-02 9.895008050031727231e-01 -2.831029450091883566e-03
8.034963300130244512e-01 4.134860114747808679e-01 3.983025221315963232e-02
1.902971333457642578e-01 9.887537707304336898e-01 2.804774919968100813e-02
-1.704935294327344919e-01 9.974530274120569917e-01 2.294731119121171808e-02
6.780260408482761125e-01 9.873051616235896111e-01 1.919431274779877239e-02
7.599397346826302080e-01 -2.385086649322077368e-01 -6.008130375716172998e-03
2.347235863974919123e-01 9.509159960850852578e-01 -2.485917250372767905e-03
-2.263455317433707148e-01 -9.260422099113738703e-01 -2.459828956710512562e-02
-2.213510877323591475e-01 -4.876987055437726482e-01 1.657653725553873830e-02
7.608530323871666168e-01 1.343494625773400397e-01 3.374063409301403249e-02
6.207383825590049309e-01 1.033395771344853609e+00 -9.226015484514522857e-03
5.751076400587756821e-01 -1.018708375902154462e+00 -4.034885014851877097e-04
-2.143113065792336402e-01 8.362879131667978472e-01 1.672330773979481197e-02
7.800079717032488702e-01 -8.862139501127767049e-01 2.290445366877965142e-02
-2.157496390821602716e-01 5.664148493696594677e-01 3.013111483547801801e-03
5.297433537974657325e-01 -9.841059414883126522e-01 9.799079139180526948e-03
7.386506811860832356e-01 -9.953037663453575545e-01 2.263748209065071133e-03
7.410069236612637500e-01 1.840419517536716343e-02 1.562240352253198988e-02
3.004812959756814617e-01 1.017019805824081802e+00 -5.029474697978175701e-02
6.622892983784163246e-01 -1.003438180942654911e+00 1.026289444733819410e-02
1.504441719471472372e-01 1.021403226447914037e+00 -1.336251692811634990e-03
2.659192608020504722e-01 -1.011438986020614328e+00 -8.169600004593135720e-03
5.905580035346319479e-01 -1.026215613185244013e+00 2.029588190756620794e-02
3.777404314302882926e-01 1.002160821494582077e+00 5.211566984761288081e-03
1.828804272343725612e-01 9.868863842883660586e-01 5.684549224845889849e-03
7.579483817778456256e-01 -9.881786431948854643e-01 2.244327845207013880e-02
-2.107346008610591626e-01 -6.761594376535892126e-01 -1.785855612893838887e-02
-9.371693143875847731e-02 9.564149677032108832e-01 -3.319162483090384863e-02
6.396346473524391341e-01 -9.934442099707105900e-01 7.598007779914331405e-04
-2.149352877320674926e-01 -4.846953209200464685e-01 -3.660027076454540340e-02
8.184896528515523961e-01 -7.431345695735336321e-01 -8.079233864092377412e-03
7.753735708783363600e-01 -4.625342952269296815e-01 2.933392635654226248e-03
5.876495911625724267e-01 1.000301178204958452e+00 -1.940207634182177301e-02
7.156049538782256469e-01 9.726037652373549225e-01 -1.264348619335975421e-02
6.088800054370766546e-01 -9.881661403454564674e-01 -2.965430022125902648e-02
-7.571004707885351133e-03 9.943588681674434548e-01 -1.945708060819582169e-02
-1.650136479519353772e-01 9.404836492782682189e-01 -3.936887917559531852e-02
-2.210072421403729559e-01 9.319554566749034263e-01 2.333160509701042926e-02
8.612960919618682654e-02 -9.796227517664884976e-01 1.476242779834843408e-02
-2.079746251224772746e-01 -4.421300404531610662e-01 3.979831239146044974e-02
9.970929070658786364e-02 1.002025731956284860e+00 3.433168013042733197e-02
4.431541861969903184e-01 9.868676213904588046e-01 1.252643849560925761e-02
7.781373440248372519e-01 5.167427476682660004e-01 -2.620057931847021016e-02
7.280725351957721969e-01 1.026167247571936780e+00 9.534836666518161502e-03
-2.380826740726370849e-01 3.629404241908666950e-01 4.177965840398287223e-02
-1.126509360875673632e-01 1.030052635794942439e+00 -1.987939697138679448e-02
5.766029084857586806e-01 9.983788296118221162e-01 5.969507442559422901e-03
3.285294530665334167e-01 1.020638810732586332e+00 9.821430860531974588e-03
-1.023122099400943924e-01 -1.016000875595886477e+00 6.442932522319932270e-03
8.085626066371799370e-01 -3.549334284635616843e-01 -5.050645287061466399e-02
7.857790746202033549e-01 -3.815973949264328535e-01 -1.841038027502315752e-02
1.999253695594720992e-01 -1.006411952438376778e+00 -3.436390568501994282e-03
-1.766597600077848551e-01 -1.006580530420003283e+00 -9.792007461689237330e-03
-2.715354844062677353e-01 -3.955837198883947747e-02 -1.009065033527537132e-02
-1.376929524072520727e-01 -9.847199730831462938e-01 8.458012529956576014e-03
-2.132911307247524479e-01 -9.577961745252761006e-01 2.532804789047879077e-02
8.001491165243329595e-01 6.675050382016671779e-01 3.420291275262762887e-02
6.528700542530018192e-01 1.011282224301763843e+00 2.615521313149838083e-03
-2.107135760592693807e-01 -6.277386624245988589e-01 2.307412241286180971e-02
1.246182449970584527e-01 1.009527953564554714e+00 5.244610185722448775e-02
7.932013773729581496e-01 9.824234328045096110e-01 8.433284531849034524e-03
2.890248053393039696e-01 1.021095082823739064e+00 1.747086009585387817e-02
-2.205375225144352302e-01 -2.653039637843590537e-01 3.363099374641746048e-03
-1.154541608823913407e-02 1.011423332719632251e+00 2.015047449153997694e-02
6.560766455176650913e-01 -9.506136975708062709e-01 1.245092205009051475e-02
1.558522521112492010e-01 -1.021160876028596398e+00 6.528264262001613749e-03
7.131138055691200739e-01 -1.013843864999941280e+00 1.637029324610711836e-02
6.382060484878045170e-02 1.007184951500994963e+00 -1.853401132660121783e-02
7.600960702114385459e-01 6.623659945993695120e-01 -1.956899484698596328e-02
4.251260597446726575e-02 1.002098019079309399e+00 -1.690537842134746255e-02
2.698747715829493687e-01 -9.958916354640124924e-01 3.818201117937903427e-02
-1.810238041332523362e-01 -4.061280811124421408e-01 -1.258743233102507970e-02
-1.291504909433014991e-01 -9.830616349595826531e-01 4.309083931266500384e-02
7.586173615191277309e-01 1.313849204321586861e-01 3.381024471909938739e-02
7.489587940317216086e-01 -3.288971403146745964e-01 7.332721003331649570e-03
6.895929932931742501e-01 9.891655391118383545e-01 -1.041895648190406531e-02
7.904181586584930752e-01 7.245123326596367708e-01 2.174299485442120206e-02
7.757851703826278422e-01 1.700204665431367945e-01 5.540481620977842636e-02
-2.435874176118154877e-01 4.206560550340358029e-01 3.192520798507131850e-04
-1.150097324029222545e-01 1.037660406790094081e+00 -9.943529402088828809e-03
5.876150298834562635e-01 -9.951885251996014370e-01 4.944586950399219340e-03
6.295283437820688999e-01 -1.019153574023578868e+00 1.793912933300846960e-02
-2.116980854073986229e-01 -4.756372453962259272e-01 -1.929783590275895022e-02
-1.767867937472042128e-01 3.188434579975509692e-02 -2.115759215535301802e-02
7.784680100267818981e-01 -4.315921341221015672e-01 -7.630362366144398563e-03
-2.175925619795796573e-01 8.704382279555652469e-01 1.176987256572222841e-02
-2.359064728539558287e-01 -6.356400730033441304e-01 -1.952370863728335182e-02
8.117432784209056562e-01 -1.878402718438183794e-01 -8.705207157676350671e-03
7.810142357048925899e-01 6.326307894676187482e-01 -2.036912061827369710e-02
5.086336206926201919e-01 9.970528182054321231e-01 3.327696828765145526e-02
7.533317234486730518e-01 3.167215561448048500e-01 -3.457679301325476684e-02
5.335246937396147526e-01 -1.025053097498166421e+00 -2.369025000507825676e-02
3.165865612470226131e-01 -1.019203554071054008e+00 -3.534058464092493246e-03
5.288394382940054816e-01 1.008235595411778318e+00 -5.634559021571981970e-03
7.107880248376172716e-01 1.028120517507673304e+00 -1.978222192666340140e-02
2.516529252418132634e-01 -9.974204162965112364e-01 2.306419661221413564e-02
8.056181416569672127e-01 -9.237799837459179653e-01 -1.893811811516905516e-02
4.489189187911643564e-01 9.962246018471293540e-01 1.047237774827142372e-02
1.972227814125872003e-01 1.024315353759874814e+00 9.954363948461589576e-03
7.460910536428319029e-01 7.179871783327147483e-01 -1.983618726356073739e-02
-1.577425115505348419e-01 9.889656846943436497e-01 -9.498154303346649854e-03
7.335404909830077758e-01 -9.856781266077677683e-01 -1.260551582529853033e-02
9.848330107397312849e-02 9.880349353516788558e-01 -4.277468269400382800e-02
-1.044554970747294753e+00 -1.576190731535626277e+00 -8.863714123276861256e-02
8.909477168189749996e-02 2.732410509689879419e+00 8.230432968581941067e-02
4.229684045618646859e-01 9.320023122397751436e-01 -8.443226697579520046e-04
-1.160394106677319348e+00 -2.408487243172258374e+00 9.509879497326625963e-02
1.462394589281092783e+00 -1.942609116791941926e+00 -2.723834365211973141e-02
3.435872338115779634e-01 -3.029524700401347026e-01 -2.653578083744437266e-02
9.207303227836380888e-01 -1.216646332132180097e+00 -6.724722934629587257e-02
-4.646974043114497910e-01 -1.042023397580299049e+00 -3.594332408993290706e-02
1.559994216351460627e+00 3.434630203684085892e-01 -8.916053769943164953e-02
1.445161030724220863e+00 2.579632895961117001e+00 3.669559736522479132e-02
-5.500647698888244674e-01 -1.612076606940723966e+00 -3.120970899479014182e-02
-1.055794379327285482e+00 -2.656121639260947909e+00 -9.747184657111139516e-02
1.202502878905264971e-02 -2.779431020327400859e-01 -9.172864382635304015e-02
6.504020700997441562e-01 2.983531196284396003e+00 9.406027317471496452e-02
7.912920905262834648e-01 -2.749360483595873816e+00 5.301816958211341690e-02
1.400899191901962437e+00 1.425071586975660054e+00 2.636323645376775771e-02
-1.112958164039176800e+00 -6.591639060936036465e-01 6.947073958057434218e-02
1.065604499673917127e+00 1.035436842506280541e+00 8.191610647647870613e-02
8.636118590689634278e-01 2.643139740560801698e+00 -2.903472051633240736e-02
1.452508998298809084e+00 -2.148795404901261641e+00 1.979759456943727680e-02
