6.860967461154487967e-01 -9.893053425150295510e-01 -4.391934588535857317e-03
-1.389276913672751468e-01 8.761940041286511160e-01 -4.153558223359354352e-03
8.548787507403008412e-01 -3.209882217685455785e-01 -9.706265159379006899e-03
8.464602445594602287e-01 -9.611681249878006872e-01 9.168756398973005803e-03
5.069676859050513684e-01 -9.918901403386485294e-01 1.014185402146277129e-02
-1.646634792357439536e-01 4.227497104492675128e-01 1.941582920735271042e-02
5.883985324703844277e-01 1.003969100148424110e+00 1.793797124375077351e-02
3.555074402490507879e-01 -1.002816436800445965e+00 -6.550790589495656411e-04
4.040904268857395953e-01 9.825527113324828976e-01 -3.444395346597850516e-02
8.463879251750590083e-01 3.015815247090521400e-01 1.867372047174090804e-02
-1.420469373805343105e-01 -6.574359609255177039e-01 -4.219272823463381290e-03
8.394462044164231473e-01 7.469608211395625252e-01 7.195270589565923129e-03
-1.468194034613924670e-01 8.722912305873501415e-01 -3.924301163995051051e-02
-1.629322966428996822e-01 -2.485383342435177334e-01 -2.925646091479559840e-02
2.512703413483142745e-01 -9.989184406700684082e-01 -1.282338454307104837e-02
8.504132531248052018e-01 -6.560161736252545506e-01 -2.144665984976977177e-02
3.312081619385066622e-01 9.979704213245214062e-01 -1.630554207595242416e-02
2.034856983582880863e-01 9.748938390388922626e-01 7.339345411917770449e-03
-1.216389200670163623e-01 8.068575194484721713e-01 1.673217233496698472e-02
8.611945285212125878e-01 -3.394140337854357203e-01 1.137316316981213001e-02
-1.529734605774566714e-01 -9.311559497456547430e-01 -2.324737589855106409e-02
8.423888283296678825e-01 2.750195684344224345e-01 1.512368149889050696e-02
8.455606076546390293e-01 -1.007420054084852135e+00 -1.803053080418622924e-03
7.660471934294610374e-01 1.014805356710301032e+00 -1.198419244378871873e-02
8.365708217491910625e-01 -8.595577513214311960e-01 7.908346911184629610e-03
-1.736609621818288873e-01 -1.709910019785202961e-01 -3.511355122834423914e-02
-1.529711060885443064e-01 9.928033924978791891e-01 -4.635705127265527491e-03
-1.004546442086491492e-01 9.915203890616292037e-01 -1.967562598173147256e-02
8.048942988103974239e-01 -1.037039207641417882e+00 3.146407416343894453e-02
-1.504856350411265531e-01 8.340116349596089496e-01 -5.854302706882454771e-02
1.864088206566176797e-01 -9.989202738051010666e-01 1.113525089330756439e-02
8.183077050488063442e-01 2.865128423278116010e-01 -2.014008188335003613e-02
8.855794657292982430e-01 7.577010550698474178e-01 -2.684397806776277207e-02
8.735552879802380710e-01 -2.707281275563648837e-01 2.973705340388151791e-02
3.432309975121942691e-01 -1.008936110182673929e+00 4.350381807229486419e-02
4.470267685377594669e-01 -1.034003244515328879e+00 1.078915085837760246e-02
8.503189401741637621e-01 -1.787437247626896264e-01 1.179306945848238031e-02
8.292868547625500408e-01 3.354023270281697444e-02 1.510228823322888950e-02
1.865040954969468534e-01 -1.011940065476846895e+00 -3.188155604995400461e-02
8.180067982069744170e-01 4.247196768005014333e-01 4.493924288829842517e-02
-1.283189751691328762e-01 7.842360025843166937e-01 3.551593101080330328e-02
4.376724274422558736e-01 -1.018347210606793674e+00 3.232080043864805213e-02
4.881184995852250741e-01 1.012419962045028932e+00 -9.848396649583576745e-03
8.421853451917969968e-01 6.466436053034393394e-01 1.870722457980634329e-02
-1.446506116987809343e-01 -2.763275207865069638e-01 -3.263343621794113220e-02
4.752609439357905613e-03 -9.807553931618764320e-01 -2.098686943006720582e-02
5.839318239621545947e-01 -9.844541496945946601e-01 -3.977664795217348420e-02
-1.377658323299286169e-01 -6.439876934077382042e-01 1.445797557538419827e-02
3.204488711131997514e-02 1.001167369657171013e+00 2.913476282665148492e-02
1.560200163571772713e-01 -9.909936579443222593e-01 -3.965801607492918518e-02
-1.433659066971545160e-01 2.447170277582513265e-01 3.347657435277382604e-02
1.338384641301990086e-01 1.000463384809512801e+00 1.382507192130537702e-02
4.006542901919212807e-01 1.021031488972132362e+00 4.732546514805609228e-02
-7.956859079583242234e-02 9.960323379755682272e-01 9.484391568218291865e-03
4.666692736156960453e-01 -9.816772118961575311e-01 -2.433236291503510298e-02
8.597768018245203203e-01 -9.886136741891524693e-01 -2.144199591239086614e-02
-1.099340839932295560e-01 3.180980004826491347e-01 3.689050548669170568e-03
4.925758807265903649e-01 -9.791148399504159272e-01 -1.543070821234682156e-03
8.391582980450562612e-01 1.014884384720943444e+00 1.204919564575434969e-02
3.279410159871732899e-01 1.011328219810783358e+00 -7.205473518982905695e-03
8.190097562232526718e-01 -7.939908863959380669e-01 -4.450025993498520072e-02
6.705460686531695691e-01 1.006557699795713523e+00 -6.712649643187551399e-04
-3.503393177319187590e-02 -9.785408112223196175e-01 1.904133098852770498e-03
7.081836255048600259e-01 -9.623029467419589311e-01 -1.797130094362162783e-02
4.020171069406773268e-01 9.932205444854943499e-01 -2.424569638088279119e-02
-1.363978094831913013e-01 -8.381704937858027726e-01 1.115642837137551489e-02
8.159959599031891830e-01 9.813283050634089566e-01 2.398623740515765448e-02
3.353514137017777896e-01 -9.978644878860285505e-01 -1.018988339382972258e-02
-9.104596763981631646e-02 9.823597957605677555e-01 2.402940244872829242e-02
8.688293218915382754e-01 -9.190596336413509038e-01 3.307812864990116678e-03
-1.442126039078442945e-01 3.251546722724110716e-02 9.118033046739358258e-03
7.334787035021979040e-01 -1.010760341952938290e+00 -3.992336860270660238e-03
-1.643937363335420121e-01 2.976352296980698808e-01 7.246762284573480574e-03
-1.631392429543174483e-01 -9.535035448095599553e-02 -1.738424931421765282e-02
8.259218816063911284e-01 -9.933580103576862275e-01 -5.152110840704402471e-03
8.293577537215985895e-01 2.819369954938390488e-01 -4.098577064292678769e-03
-1.534261997355640395e-01 9.952396072603693078e-01 -4.075850023602970926e-03
3.001924030270836097e-01 1.010591168580069033e+00 6.724825355644553984e-03
8.825613771154959819e-01 1.700341160299433940e-01 -2.165130818640620056e-02
8.257439504169887812e-01 -6.596858604859243136e-02 1.868322194907416633e-02
7.938969842239745889e-01 9.839627282186964585e-01 -2.102233697697827169e-02
-1.764347237651085198e-01 9.599517540143897021e-01 -2.906805102933431376e-02
8.649453430732197967e-01 -5.878870260291174654e-01 -1.518960562765899261e-02
-1.243034305509048421e-01 5.968764865244130524e-01 -5.689222361340765324e-03
4.623103087772979514e-01 -9.884012952726248802e-01 -1.125704604068684077e-02
5.766644937596192982e-03 9.683122170919259419e-01 3.052303692268790516e-02
-1.638086801581497276e-01 8.791958911820786371e-01 -2.662472699092745428e-03
-1.317285982556044288e-01 1.033480428193723100e+00 -2.136019641328289198e-02
8.085099002312574612e-01 5.014330163116925698e-01 1.155777176410363247e-02
7.590114433538802663e-01 9.909355348663166918e-01 8.949106792119363232e-03
3.539979940650829215e-01 9.863287105401330468e-01 -1.773235719089088364e-02
4.826543288637545892e-01 -1.002555836760649965e+00 1.183835747228869500e-02
7.259345450893768259e-01 1.012101811300395449e+00 9.031454157396886714e-03
-1.367115153544535278e-01 1.423647938692758075e-01 -1.814424882534540137e-02
8.430313257490824608e-01 7.009101964275741281e-01 -1.311443709093747072e-02
3.132379922140246520e-01 -1.011660299916093742e+00 -1.361402357003927734e-02
4.997409513469240339e-01 -9.763866148375074383e-01 -4.162540817098413920e-02
1.904969484207420238e-01 9.793834451991560996e-01 -1.452149883300557671e-02
8.425560572664405612e-01 -8.302086200123627302e-01 8.125299077198959788e-04
-1.226509579219640794e-01 -8.786727220883476797e-01 1.106498758308213821e-02
7.149009774270920214e-01 -9.932212101031152596e-01 3.233584495930968885e-03
7.953951209687454282e-01 -1.451459824035332136e-01 7.587238122314199189e-03
2.248732224399067892e-01 9.909867372522859208e-01 3.243889894722272633e-03
-1.681001918882103208e-01 8.009918833788066683e-01 -6.298619886745927647e-03
-1.311478350040391483e-01 -4.230742201112002165e-01 -2.310583093252641020e-03
8.328506738685845789e-01 9.829249141488775043e-01 4.074337854943691287e-03
-7.789202663318280789e-03 9.968050595866535524e-01 -2.674976898728812207e-03
1.182386400223348899e-01 -1.008094902140969529e+00 8.467863270786369842e-03
8.654252143873875092e-01 4.320581274469041388e-01 1.607098580330935380e-03
5.317092766855514574e-01 9.977485477336004438e-01 -7.208754721808968658e-04
8.504426676030452104e-01 -2.755743447205082908e-01 -1.934783073630858821e-03
-1.343119471648442087e-01 3.575224452462136965e-02 -1.059999899774157102e-02
-1.669838730904962473e-02 1.033540604254218565e+00 3.630886508135661855e-02
8.228125495441260817e-01 -3.899389019806985823e-01 -1.484612304484526045e-02
8.624918590496009063e-01 -2.923861887435788010e-01 -3.716865575981862652e-02
7.444533090825344868e-01 9.849580924229667245e-01 -1.277617313018751186e-02
1.487837013720698931e-01 1.018448567777098468e+00 -5.016958322801244596e-02
-1.312859219836496061e-01 8.646973554497370262e-01 1.713753595484010170e-02
-1.455269404059870708e-01 -3.900007013149160429e-01 -2.417815831394932655e-02
8.440822935635048374e-01 -5.980124465949943069e-01 -1.690542085145648951e-02
-1.441573900267400232e-01 1.731273959556094977e-01 4.107572523941392640e-04
-1.606411837038993762e-01 -2.158778343746872164e-01 7.232618329740648534e-03
8.431852952933468481e-01 5.509239203214295610e-01 3.152611912949255732e-03
-1.211027416021247527e-01 1.776914330005065767e-01 -1.990862115303362184e-02
6.995962536216855376e-01 9.718205832531442434e-01 -2.125861572556368706e-02
6.403533842273871901e-01 9.766398845401186302e-01 1.903001475952378896e-02
-1.106327945291252779e-01 -9.579056421469930305e-01 3.623954222498073762e-03
7.249522354782970135e-01 1.031289234973191249e+00 -6.206986388770406766e-03
5.156683761621002615e-01 9.705242844924457657e-01 -7.373870765791506847e-03
8.551988256207246897e-01 -5.543267954253755514e-01 -1.486737343086090915e-02
8.252203041800104666e-01 -3.652608527379582193e-01 4.301405280632276257e-02
-1.715219672072607615e-01 7.133468302840574315e-01 -1.227862949857419506e-02
4.098397989860951829e-01 9.960816199673706572e-01 -1.912788104136231918e-02
8.808070770472982147e-01 -2.802941345978469112e-01 6.267296049566870031e-03
-1.419794109598619958e-01 -3.757439701943032784e-01 -1.040627454062241324e-02
-1.311772804195077413e-01 -4.785671021632138533e-01 -8.300591159537830388e-03
5.591011730206073560e-01 9.890179449020702895e-01 2.967516317069655157e-02
2.182442843432640944e-01 9.898083724891107993e-01 -3.155030124896762711e-02
2.077629075661707181e-01 -9.876929965443341786e-01 -1.145189827836814479e-02
-1.399009260254344689e-01 8.356729287875532819e-01 -4.703512361523469985e-03
3.313382193462212078e-01 -9.730937287380070355e-01 -9.535935661914039796e-03
8.377169261586743243e-01 2.604284681474340890e-01 -1.429721997527564833e-02
8.475635424157661468e-01 -6.281672440739348717e-01 -3.218929855783564820e-03
7.509993565325815412e-01 -1.054945358149503853e+00 -9.235682033451729500e-03
-1.517012008722542771e-01 -1.681543435256545593e-01 1.220630184533740177e-02
7.616380358002621254e-01 9.878607363384946938e-01 2.159031114240025570e-02
3.957259157004690553e-01 9.825553741527925933e-01 1.133125364652746818e-02
-1.725323846678197270e-01 7.781119490411103623e-01 -8.601095796026926241e-03
-1.239536709938477699e-01 1.019394122472607744e+00 8.809852054159700990e-03
-1.505509149996821228e-01 -6.623193927541373149e-01 3.422555260768195967e-02
8.459579462493135305e-01 -8.808300801981752137e-01 4.692136574729201259e-03
4.030010973998058854e-01 9.514228705531107000e-01 -1.641115439488369243e-02
-1.184557289125376112e-01 -8.002526521082905520e-01 -1.772633614844302402e-02
7.600798168524719456e-01 -9.805576234782545919e-01 -1.280890821042705678e-02
-1.405802400155770904e-01 6.162549947181595114e-04 -2.008240156649425314e-03
6.931308025563368558e-01 9.926543289637421719e-01 1.819392303997790714e-02
-1.240597307615594058e-01 3.140551976351348973e-01 2.934979288269020173e-02
4.142046977612111047e-01 1.027897653374105325e+00 1.388206379174717481e-02
8.658802186450204053e-01 8.371487018287196435e-02 8.147066211044036964e-04
-1.421564839155615989e-01 3.373373441963786190e-01 8.291793828958910623e-03
8.304935088979098490e-01 -1.305631021954952176e-01 1.276036340508405510e-02
3.201452165024621377e-01 1.013187317607024296e+00 7.788747037437425717e-04
-9.670271433805942285e-02 9.956797646369909272e-01 1.441495238572316866e-02
8.528657646689654648e-01 -8.777327396549809979e-01 -1.681240581294857813e-03
3.080383846101187317e-01 1.038083034881556177e+00 -1.371576144702610356e-02
8.368721383719827100e-01 -7.891535130936545572e-01 -4.300048832644665781e-02
-1.653865604912548859e-01 -9.531502350852173455e-01 -1.904169070079686846e-02
6.302655921823179241e-01 -9.990164408731188050e-01 2.980875886395008278e-02
8.481125737218276894e-01 2.670317916076597742e-01 8.340988236864528343e-04
2.231586860829420371e-01 9.653721058418331946e-01 -5.311085079410149574e-03
8.528121799599382991e-01 -5.619063097356456760e-03 -1.920051741791605881e-03
-1.568989858156916162e-01 4.469747241179096719e-01 1.624515469319444058e-02
3.566724597966269283e-01 -9.876152125268921056e-01 -3.039735231669051310e-02
8.325495788738092040e-01 1.586838786777245436e-01 1.571661146014544791e-02
8.173850128756438016e-01 4.176341474497322626e-01 -8.352991751981217461e-03
-1.602299371284584550e-01 8.728290705710032293e-01 1.747427511096096009e-02
8.536477972913851797e-01 -8.005098308521661765e-02 -1.925745770213075497e-02
4.208221977509594147e-01 1.007614704142945961e+00 -2.093542764134384213e-02
2.914212944720746823e-02 1.006716108748229921e+00 1.617939552694588889e-02
-1.248699776974518671e-01 -5.958451821080540389e-01 -3.175257731100308151e-02
8.272047408348022213e-01 -8.042096384053036839e-01 -9.490784595126923809e-03
-4.061700640936916074e-02 1.004551704743728235e+00 -1.213333264898531876e-02
1.996276236085700595e-01 -9.804096450739281376e-01 -1.090609280316968965e-02
3.869693115423607499e-01 -1.003228664785790425e+00 -4.036955288503576121e-03
1.771708549942200284e-01 -9.964836672534773676e-01 -5.337979368093091759e-02
-1.230744334159246250e-01 -8.678340673204123501e-01 -1.362993450090838141e-03
7.958986373394651981e-01 7.332491072544913280e-01 1.530134201028265743e-02
8.453033242510469281e-01 5.674528946184644873e-01 -3.627960720684594159e-02
-1.136896419927777846e-01 9.045029149257750589e-01 1.994905518301587789e-03
2.274645184662542063e-01 9.855273875918955095e-01 -4.792908749642436905e-03
3.389509382603630994e-01 -9.894642581100956402e-01 -2.074262562351796360e-02
-1.409281977730054980e-01 4.527474846284025578e-02 3.245707525794457732e-02
4.951124029707434926e-01 -1.008977792604900836e+00 1.106556793806169094e-02
8.294515705061710209e-01 5.639461300024677382e-01 2.339391514351201254e-02
6.084304345583790852e-01 -1.004471484238215417e+00 3.679136790640208377e-02
-1.510371350644799660e-01 8.072601192655067814e-01 1.237018348801662134e-03
1.729802755638849276e-01 1.005872250565186254e+00 8.389131505221756116e-04
-1.637440691016681105e-01 -9.655744289483789711e-01 -3.631994609365708088e-02
8.492087004911891279e-01 -7.241326556855161023e-01 -1.922515078955815485e-02
-1.132276816133948039e-01 1.891489695583159214e-01 -1.576816503769135416e-02
1.772096738015285666e+00 -2.844458535269167587e+00 7.544359613434212242e-02
-3.086894077802763148e-01 -8.840086924537127189e-02 -8.983796192067079744e-02
7.212316778496887792e-01 -1.130388411192604359e-01 -3.647944234435236688e-02
1.800344017757970150e+00 -6.383316017553375410e-01 -5.623348279141744677e-02
1.158131551792121350e+00 1.610891059512686851e+00 6.290878471086600032e-02
2.208385271236799063e-01 7.855257289009265342e-01 -6.981715853454015241e-03
1.392378410330578298e+00 1.123455820081526113e+00 -9.407506532890388962e-02
1.803525302719252821e+00 2.823346941755771056e-01 -5.783767154298635749e-02
4.339213328988789087e-02 -2.964405905574965416e+00 -1.566121462550126853e-02
1.396954991927171097e+00 1.112312644060336808e+00 -8.326989203124449124e-02
-8.574629123747369297e-01 4.497956404718399526e-01 6.823719113099369071e-02
1.615899365153046219e-01 -2.665928315583301789e+00 -6.610808864575075383e-02
-6.804290308767515505e-01 1.057198075418371630e+00 2.018105361884467430e-02
-1.146078836551263525e+00 -1.706338409878932705e+00 2.493323997885384113e-02
-1.016794784702098831e+00 2.828463736952169683e+00 -4.193023341840691753e-02
-8.489350029126977448e-01 6.487074358662452411e-01 -8.889540611310770002e-02
5.523013749547942552e-01 -2.243211675797267546e-01 -7.860536755416334953e-02
1.331678484035761389e+00 2.396368980234910850e+00 3.736741314591479624e-03
-6.682084330873954148e-01 1.459259357100894938e-01 6.885798623790362338e-02
-7.637608584813418977e-01 -1.935035144249557248e-01 -6.548352982248069332e-02
