-4.290078811731798392e-01 7.342629246422468503e-01 -9.596951069744704202e-03
-4.697376119659343319e-01 5.802463943006718194e-01 -1.438472098204420131e-02
3.862487905102642283e-01 -1.019570886904367812e+00 -1.073114600968399016e-02
2.225031897104699230e-01 1.006185200580630212e+00 -5.705198324148791876e-03
-4.528964107619871671e-01 -1.485921847635457427e-01 -1.568103555671570074e-02
2.580659504390341308e-01 9.923062766672997581e-01 1.043167511079173479e-02
3.615563039248370081e-01 1.018515637470454260e+00 -2.123385509627677935e-03
-3.249231620238702822e-01 1.000428751427530738e+00 -2.623379470444876793e-02
5.348238416394605066e-01 -1.008219363105434363e+00 1.687669470341519179e-02
-2.801908751125660180e-01 9.774179019156403747e-01 2.112549514070858475e-02
4.843685327873480384e-01 1.009612091519422439e+00 -5.898165718912752598e-03
5.337501247547901118e-01 -1.504264346311546818e-01 3.121469910902209197e-02
1.251321253058281513e-01 -1.001136849776881110e+00 -2.718766076712429355e-02
-4.461771718166535616e-01 -2.160983734012816571e-01 1.459200337046808772e-02
-1.370199516337331780e-01 -9.953832954461594440e-01 1.619922341383807363e-02
-4.847827537462457981e-01 -5.736869278302124675e-01 -1.633756543271669762e-02
2.322066989955119121e-01 9.974551823652024751e-01 -3.203175263192362164e-04
-4.276030064195784353e-01 -4.354358648888032729e-02 5.162116282443129228e-03
-4.058352735071863449e-01 4.169499058092951405e-01 -3.289389293634064487e-02
-2.427642609045947975e-01 9.840024569297123325e-01 1.260025610603954932e-02
-4.779364729065334050e-01 1.026122090756518279e+00 -4.098231895379365192e-03
-1.058237730556154665e-01 1.011205316757434636e+00 -2.516637991926095816e-02
5.241810673759162986e-01 7.867128620117413984e-01 -1.371055213548839045e-02
2.409945921837205463e-01 -9.894140441344585479e-01 1.631429732598235760e-02
1.538543241396499173e-01 1.037379624705858649e+00 1.280400039802398850e-04
-4.395341414287123327e-01 -8.070121499384922403e-01 -3.504950668359322480e-02
-2.813948034348892624e-01 1.026801437836589503e+00 1.944573193302106054e-02
5.110079143168037019e-01 1.003612083661959531e+00 -3.393874767550188881e-02
-4.749266148479887040e-01 -3.508261918758598386e-01 1.352387027206489178e-02
-3.254465958533243608e-01 -1.016141048521509438e+00 -5.636229772461261167e-03
5.684693946465233516e-01 3.454099803962669413e-03 -6.400113852869718234e-03
-1.089336192615924653e-01 1.005190646812997191e+00 1.796658435917520766e-02
3.207164955587388788e-01 9.843412553636740059e-01 3.608140206760023644e-02
-4.444996445955380349e-01 6.041110624419454567e-01 -7.927818048625670869e-03
4.069443602523362680e-01 9.847179867589244129e-01 -1.768007881234130024e-02
4.983532897771031922e-01 -1.016623489907413802e+00 1.881333285144317496e-02
5.196558220245517390e-01 -7.454648913866745996e-01 -2.020885479004074642e-02
-1.471484573214838498e-01 9.976043135661188943e-01 2.519292554607971413e-02
-8.196384841666851107e-02 -9.826610335612619984e-01 2.666709549462856210e-02
4.526033594061973919e-01 9.805109105314002704e-01 8.285419889854555089e-03
4.815020443477780604e-02 1.008010447610434346e+00 -1.964822339274577626e-02
5.367285169948413648e-01 2.224754569881892130e-01 1.304128032042221885e-02
7.687539800187598305e-02 -1.000795389801595103e+00 6.465978580458559520e-03
5.096802078896239818e-01 -2.999015890687571351e-01 2.641725074407959544e-03
-3.965006564608064554e-01 1.031326190312728430e+00 2.885241481870006938e-02
-4.437272002739837129e-01 1.029177124986547343e+00 -2.180921235644887879e-02
5.609449613406963797e-01 -6.730909039080145151e-01 -3.762469421403407885e-04
-3.003786344695655308e-02 -1.012169897673111052e+00 2.362392670388157451e-02
4.095952665550156579e-01 -9.662274572566800224e-01 -6.732335661916295788e-02
5.555832795288012660e-01 -7.184484652916809377e-01 -1.576917917590177354e-02
-4.475029221129590007e-01 -4.636555663448056752e-02 -8.168499154319301334e-03
-4.098452656518482562e-01 -7.187364863615046673e-01 8.945279638319049084e-03
-3.490589937818392441e-01 -9.961813941013722973e-01 8.842205253624505629e-03
3.610343885353590188e-01 1.003264496958776508e+00 -1.641092756645835468e-02
-4.620591739775283813e-01 4.160640126439893449e-01 -2.149296108675664493e-02
-3.839149539544754464e-01 -1.004332788158766698e+00 -6.229940058951926457e-03
-4.381220308871932589e-01 -9.041972067935021284e-01 -2.250896995199532999e-02
-4.088861238288458155e-01 1.655578608538793572e-01 4.207844421707226251e-02
2.259151225679277286e-01 -9.741940654652749831e-01 -2.032336054665837694e-02
1.860889002133485071e-01 9.968977703920738342e-01 -2.368478251647661986e-02
3.141277587571472130e-01 1.017310235214482494e+00 1.826211502605588335e-03
5.580234448375993583e-01 1.402054166552858250e-01 -2.101915657762541342e-02
2.795890329265351415e-01 9.899906191560051694e-01 4.829529132925255812e-03
5.558900299940204848e-01 -3.395437892485597131e-01 -2.335809813987541755e-02
-4.316557088364754158e-01 2.958690883471603028e-01 -2.531307579763768245e-02
4.435517394925871104e-02 1.016176671460148118e+00 -4.368123405038523699e-02
-8.150054715701886277e-02 -1.016454594839667713e+00 3.777362270390670351e-02
-4.378261878140816687e-01 4.079365867665284973e-01 6.652711241836836535e-03
2.333777649899398954e-01 -9.796618494146120959e-01 -9.969194228816775222e-03
5.684166013084940294e-01 -5.115712685362321793e-02 1.390461841490597990e-02
5.526532841005737939e-01 -5.548322493117459064e-01 9.544527732277957588e-03
1.979862317982970521e-01 9.875251132191978920e-01 -7.359109207902680277e-04
4.538002948669153658e-01 9.817159176807206400e-01 1.166882581223412270e-02
-1.435166305812242138e-01 -1.003901071895845654e+00 2.788477582997056503e-02
-1.905251506835931308e-01 9.801309006110721089e-01 3.244231020715280384e-03
5.356354855294196415e-01 4.103233378381586083e-01 -3.631819835209135205e-02
-4.374779997437477919e-01 8.468981783721537537e-01 3.736996526764050502e-02
-4.292713387011456438e-01 4.901311889794067733e-01 6.205367394212313661e-03
5.515794211786725354e-01 9.328856622327117432e-01 -2.791730296882745897e-03
2.076327467871684762e-01 1.027211620061750263e+00 1.793666888638146759e-02
-3.145390683527570785e-01 -1.022485078048771312e+00 -2.723260674478868507e-02
4.377513528989802061e-01 9.848739019566177255e-01 -3.459371981903532588e-03
-2.127551498071347802e-01 -1.019112123655678159e+00 1.088342968905753154e-02
-4.515855664251817170e-01 -9.937475822570889239e-01 1.700409271036548708e-02
-4.398084216270584101e-01 -5.455850967870677914e-01 2.055321714503636002e-02
1.243303882285817785e-01 9.870721707905377729e-01 -2.812761440320630385e-02
5.144594029427392856e-01 8.909746431599544492e-01 1.197237822672028024e-02
-4.889001799635521173e-01 -1.113974715140848559e-01 -8.110674995249731595e-03
-3.516270286894361830e-01 1.018445869699889039e+00 -6.598707201027969108e-03
3.230379872748350145e-01 -9.979599212499569161e-01 -2.448185891515800711e-02
-4.929592358436189481e-01 -3.983786445322276548e-02 -3.886326908378131412e-02
-4.632471017109823785e-01 6.756414595736097706e-01 -1.910574587530558532e-02
5.428533995397032408e-01 7.518878698502641234e-01 7.210543609313841383e-03
-4.322160351083033647e-01 -7.466205090892020779e-01 -1.918275388662945072e-02
5.119451693361640743e-01 1.401843210576415033e-01 -1.299724576168041594e-02
1.980812632246730653e-01 1.044846113952506705e+00 1.328166287636753373e-02
-4.522088791076514513e-01 -5.800754458088613896e-01 2.547152927859671484e-02
1.747518288511443196e-01 9.849390250150231729e-01 8.238567596201560803e-03
-4.625552802792118334e-01 -3.102772045702638648e-01 -1.531705858220228610e-02
-4.673813156628766063e-01 -6.240947947244936955e-01 2.577789227029202157e-02
5.764648249561414861e-01 1.159461447660396910e-01 1.339819958071831844e-02
-3.956755229597924139e-01 -5.748463102438271521e-01 2.377694445878179852e-02
-5.994702084829250238e-02 1.014056647130705535e+00 -3.659313548573860791e-02
5.684996160166351231e-01 9.305473368566761216e-01 -2.388685306416719889e-02
-4.269191960697803490e-01 -1.013330206528139321e+00 -9.165092679680297838e-03
5.763907841129883858e-01 3.050115247881549640e-01 -1.764285850271044703e-02
5.546974183708829331e-01 -8.175024074858328049e-01 -3.000770007058276099e-03
1.104506623098139573e-01 1.000378573670845261e+00 -3.417970878246157779e-02
5.786274754982027035e-01 -1.007842345922197680e+00 4.602553120931517777e-02
5.430938846640402939e-01 3.924152687491608837e-01 -2.954873788295822590e-02
3.532716338959175917e-01 1.009237606721623326e+00 1.808016127057666261e-02
5.538332731027439948e-01 8.919852487427091248e-01 -4.130465561611534192e-02
6.815667561764258975e-02 -9.931548672550802870e-01 1.925339649394868652e-02
2.750905308775167257e-01 1.021962526960566331e+00 -2.177659306054488195e-02
5.129128386761629965e-01 -8.417262418065040164e-01 -2.610611814747295853e-02
-4.844982646313045205e-01 4.887304615353633280e-02 -4.372786084185799338e-02
-4.381891318404727009e-01 -1.007711308704699826e+00 1.752699982280064156e-02
5.558539941182494282e-01 -2.331810102482750335e-01 3.837460868546305887e-02
2.004863073029889142e-01 9.937392314840416407e-01 3.470488188454156492e-02
5.192048392246936261e-01 -5.322369929819897871e-01 4.138776756352490448e-03
1.923467230664987204e-01 -1.005289649639216742e+00 1.104122593105660508e-02
-4.874927615556565730e-01 -9.526693461845324729e-01 -2.012190613411342713e-02
-3.982508337644348195e-01 -9.878536454756353669e-01 -9.998597593244345702e-03
-4.341776067040733489e-01 1.070238715725647521e-01 -4.437543314868663651e-03
-6.271466828914329383e-02 -1.014343455683904605e+00 3.665215786135832265e-02
-4.507368057550615870e-01 9.875220068278487418e-01 2.220101425458341146e-02
-6.593274225360611085e-02 -1.038915022075358241e+00 1.955449623321204797e-02
-5.084898753112850750e-02 1.000874477828127773e+00 1.185534618812893529e-02
-3.694939210700440291e-02 -1.028167919057254132e+00 -3.595159243867145776e-02
-4.700371895845453230e-01 -7.538553641077413436e-01 -4.509259338706874884e-03
-3.561847932129312833e-01 -1.012851993613744783e+00 -2.332696749989144128e-02
-5.084629626221746912e-02 9.746416431425589666e-01 7.756257002589333170e-03
-2.881069562549231078e-01 -9.969775762269484920e-01 -3.385081035609443373e-02
3.194070217346872131e-01 -9.951357456225011777e-01 -9.490819172812978502e-03
2.742494066038286271e-01 9.952991456712159124e-01 -2.178967939084056060e-02
5.700410645648580354e-01 9.326334764811032851e-01 1.214159667533671466e-02
5.151696594237942239e-01 3.746719789355262842e-01 2.572300228750440398e-02
1.528093683977627300e-02 -9.758614704384255267e-01 1.292128862527020102e-03
-1.221591643427929474e-01 9.916778998459083727e-01 -5.153200425050220856e-03
5.515394026919294701e-01 4.017656878460664771e-01 4.167713774430808517e-03
-1.530641921713851439e-01 -1.014241013833180993e+00 1.136144327215518092e-02
-1.345664399506768527e-01 -1.029121760162247545e+00 -2.467132857705876467e-02
5.147884012685733923e-01 -1.029946561832668417e+00 -1.577949667438921164e-02
5.242240985667525610e-01 -2.491341930825692053e-01 -1.095747082958534700e-02
2.664772859044465259e-01 -9.993712919553977558e-01 2.709005858538621886e-02
3.752857318475558146e-01 1.037893540545867355e+00 2.645856586139950714e-02
-4.493789921413283150e-01 8.507918493290492767e-01 1.576051527492373927e-02
-3.621890144556785818e-02 1.029564244909519477e+00 1.164952356327437176e-02
5.142664413499563603e-01 -9.946941898609197308e-01 -3.203178017600258332e-02
-4.700197850472178640e-01 1.005825635055304090e+00 1.199144493598711244e-03
-3.969265544425546466e-01 -1.003375522197701430e+00 -1.506754063617345499e-02
6.584053266119807568e-02 -1.013499303638206062e+00 -1.080827858577120514e-02
-4.117286280268281362e-01 -6.760371541091459990e-01 4.649686974390473265e-02
5.448811227462113660e-01 1.298710640178361853e-01 2.096549964626430451e-03
5.637653017474327649e-02 1.040381876899172164e+00 4.289388969293797885e-03
1.779082147227902255e-01 1.027963163665999824e+00 8.469151814501373748e-03
5.519494095126905586e-01 -1.019948984176709539e+00 6.020598682897030859e-03
3.536773343434648775e-01 -1.011183029214792972e+00 -9.662079631160044868e-03
-4.534800783025039195e-01 9.919890259278231204e-01 1.288706818116368107e-02
5.341209379643546695e-01 6.670301794484245761e-01 -7.049402088153530668e-04
-4.446800733786790416e-01 6.391188970888002086e-01 -1.816112263295560289e-02
2.752256036423086569e-03 1.016434647166039928e+00 4.515971833748922033e-03
2.813327628521500867e-01 9.806230057237484976e-01 3.753993635565534078e-04
4.488046747991616264e-02 -1.000585361587900790e+00 1.330526241610648086e-02
-4.548335999680642172e-01 3.772587823923880812e-01 1.365794270454310198e-02
1.656426712679266167e-01 1.038524694012400662e+00 9.015318806204718899e-03
6.315325369521759824e-02 1.012652435417689789e+00 1.389243872979595805e-02
2.988456599528629409e-01 -1.003950303920124965e+00 -2.442680027628783834e-02
-2.842150436622312148e-01 1.011454459754024038e+00 -5.093345990857187956e-03
-3.859486420273620100e-01 9.974799633474880078e-01 1.330089842220620600e-02
6.400389704557270243e-02 -1.009413671509655330e+00 -1.054279517632086263e-03
3.709861964670534418e-01 -1.017327432196217352e+00 6.864113618645683104e-03
-4.539715089121236224e-01 -8.013942386126376993e-02 2.737945607123972065e-03
-4.214769585867971791e-01 -2.304536770676844648e-01 -1.736925997111270908e-02
-2.589938284812370872e-01 9.928005218768956031e-01 -2.234090127084548821e-02
-4.497688624382671918e-01 2.255747918566591015e-01 -1.302184700043779522e-03
5.870052497605482422e-01 5.169832602093339391e-01 -1.948319979579758677e-03
5.784709049636294065e-01 -4.817364076206175766e-02 -1.053566751588100141e-02
5.585371975897260866e-01 -1.567928269657027085e-01 2.453026667698217714e-02
-2.693069712192952547e-02 -1.002251111141206463e+00 4.295842563317073259e-02
-4.600510470410127950e-01 1.598957352323207570e-01 1.229634106854509551e-02
2.511455134941329437e-01 -9.988851060300265594e-01 -3.615611726256238306e-02
2.069270754414926083e-01 -1.004790693384811417e+00 -5.161194874773698815e-02
6.277841635302312817e-02 -9.782093804979036245e-01 1.572900002944810013e-02
-4.273077837151135205e-01 -5.487629227018084865e-01 -9.929559293043814169e-03
4.426615495941683964e-02 9.950673606942794791e-01 8.479319130789300316e-03
1.297779361034744616e-01 -9.612884970404212970e-01 1.194712323200045924e-02
-4.379305187253818010e-01 7.057823245649845756e-01 -6.983291467454371196e-03
-2.537153627300026137e-01 -9.914447344768060333e-01 -4.965743817162098644e-02
-4.433541052333078714e-01 -8.908383283682530518e-01 -1.349269010299126298e-02
7.456218964345794065e-02 -9.974136477910990894e-01 2.504055243888888074e-02
5.278962873782835352e-01 -7.462555952700312689e-01 1.469860952568127418e-02
-3.673877907409658361e-01 9.907467459724000891e-01 5.369556942232767659e-03
1.350964078965806447e-01 9.979784441678702933e-01 3.458657276078512532e-02
-4.487141882710626306e-01 1.592653291720555753e-01 -9.220620016499793403e-03
5.373500793334596848e-01 -3.670584396006087990e-01 1.991852029683175221e-02
5.583007957203488525e-01 7.292760735779559855e-01 -7.410754168380186829e-03
-4.444164447397335738e-01 -7.126767334448033120e-01 -3.912482573222186844e-03
-4.801046595069495271e-01 1.012870617268165629e+00 2.931865413138352514e-02
-4.664714872492438102e-01 3.662757091623904809e-02 -5.107567307207063097e-03
4.743864079229764830e-01 -1.539675466580092689e+00 5.237567623076219703e-02
3.660570424347489027e-01 2.295739549753016639e+00 1.819557103402383302e-03
-2.149901715648627754e-01 -1.300809365511596205e+00 2.367507097826251905e-03
-1.028527039710885438e+00 -4.757447532549661240e-01 5.158711731248133425e-02
-9.173987646530286089e-01 -7.741101280349820257e-01 9.818224346976084371e-02
1.382895690460412164e+00 -7.396377973928318639e-01 -9.126524452135123533e-02
-1.320186778926263571e+00 1.914064397305459408e-03 7.065201557275732624e-02
-4.410655221802477488e-01 -1.637945883105830891e+00 -1.097134881193492784e-03
-4.900216216683138670e-01 5.198516525457561599e-01 -7.129953271785326174e-02
9.706777809455340300e-01 -6.153059297986476217e-01 3.464069236118610950e-02
-5.691373016018217434e-01 2.697255550036352645e+00 2.095222568300821042e-02
-1.874400425986209040e-01 -2.870740302389017007e+00 9.922692014057965526e-02
1.153754912191221615e+00 -1.687197074532145180e-01 3.022370656668518785e-02
2.169298664753691597e-01 3.873684857594401620e-01 -4.747817000486725253e-02
-1.348678717718942099e+00 9.384659599224622895e-01 5.039316393040937925e-02
-1.982679090567043279e-01 1.604171131517427185e+00 -4.353510396678548361e-02
3.727353169129472565e-01 -8.649528450414072367e-01 -7.041597424476614409e-02
5.274080688247784199e-01 -1.315369551806325310e+00 -5.877043381010882417e-02
-1.015243325051490952e+00 -1.901914630308036092e+00 -8.771424630117351240e-02
-3.743082166903615171e-01 -9.496305154809308036e-01 1.200626425044470924e-02
