-2.115932055794265965e-01 4.505853513471601568e-01 2.441880111949179880e-02
7.292211785974745952e-01 -9.684302334583524408e-01 2.466763447538724251e-03
-2.333874984068912972e-01 -8.752882317109850208e-01 4.409843566211168325e-02
7.658481008521769162e-01 -1.849400115299598135e-01 -1.436132198840653698e-03
5.844191585090986046e-02 9.755329746891081566e-01 -1.582983491053892647e-02
7.524056166142217839e-01 1.441153663310343058e-01 -1.518473885891350947e-03
7.460376657156903013e-01 -1.004526504184188651e+00 -2.421898231547864235e-03
5.010767356662928496e-01 1.031664119948674685e+00 -9.825551795393076132e-03
-1.845426728690560680e-01 -1.861170148756337572e-01 5.269404195335846558e-03
3.732875756810040135e-01 9.908288361022540292e-01 1.646163797430903394e-02
7.817676308349671421e-01 -8.569913426375815879e-01 1.224454324472464863e-02
7.881161385146738807e-01 9.564901919516259898e-01 1.365542225533178909e-02
5.979606541683657461e-01 -9.984935030485116991e-01 -3.321101341617366948e-02
1.099124519523357463e-01 -1.010948525538157172e+00 -1.843183103649058061e-02
2.676942345695041969e-01 -9.909114976133973629e-01 1.756060393956261276e-02
8.192229016589630541e-01 9.762694872390882406e-01 -8.957730258116204311e-03
7.859222749129285424e-01 -1.343172784072511339e-01 1.471331370672885643e-02
4.616292452015676728e-01 9.833742873202283574e-01 -2.176094883869360980e-02
7.569526451607107020e-01 -2.964474801023001538e-01 -1.413099061513690274e-02
5.243518087290759133e-02 -9.961839587511597260e-01 -1.485731619115332122e-02
7.747421356225441258e-01 -5.597088938045874373e-02 9.796645580647892274e-03
7.757244604211612771e-01 6.793596803789399008e-01 -2.273489150229091038e-02
8.066194300443199072e-01 5.964148428929252344e-01 3.875356270382738274e-03
4.296793396339121385e-01 9.763299773125717618e-01 4.136929468405086546e-02
-2.259909276191802152e-01 9.126995137115340162e-01 2.799872173924950608e-02
7.995246214770848070e-01 -6.040166836864110378e-01 6.998408773725040867e-03
7.820124978679656724e-01 5.473751417407060060e-01 3.739560013112979558e-02
7.290085997159824194e-01 9.578192326382735100e-01 2.110118269677674005e-02
-2.253486205271572063e-01 -9.105947805661227523e-01 -3.740029205039970862e-03
8.316186436616408439e-01 4.303238663117310847e-01 1.361332881976622111e-02
7.890180949651615094e-01 3.012887144722730670e-01 2.769411662837812857e-02
9.211057632671759698e-02 1.012994403614934313e+00 7.492040224402950373e-03
7.858727167582824080e-01 4.577252504590799687e-01 -1.148746124946091116e-02
7.915716056906225706e-01 8.218034095317969800e-01 -3.157193220283326801e-02
4.321773229538222738e-02 -9.716695625544214954e-01 2.664341400564199450e-02
8.036028382897730804e-01 -4.683122391510214366e-01 -4.118513974958670082e-02
8.137772339678700506e-01 -7.669820069878652280e-01 1.826782900543690372e-02
-2.414468568018396932e-01 -4.641623365671475043e-01 1.647009566249657900e-02
7.906607577047353175e-01 5.519090808531225134e-01 5.241163597120606504e-02
-2.134051278777668315e-01 -2.393470775337573284e-02 3.146281654164794633e-02
8.040379138159751138e-01 3.060588005777827858e-01 -2.352821301976878998e-02
2.324709361306376842e-01 -9.866211157005797538e-01 2.791426312873535737e-03
-2.111063500912888358e-01 -1.882289716912838862e-01 3.399867674631534831e-02
7.765645799516983638e-01 3.824901808702110828e-01 3.956624819255729827e-03
8.267147788291711041e-01 -4.260857088263080295e-01 1.642624445871239403e-02
3.546491528452349051e-01 -1.008230117506781376e+00 2.474341883982288104e-02
-2.124536939152222859e-01 5.340542129863147247e-01 1.515274700318905432e-02
-1.798659634350419922e-01 6.536659013453091083e-01 4.307772571650524303e-03
7.904189666781276102e-01 7.377223488989950173e-01 -1.618133929964296613e-02
7.942660444120639429e-01 6.545584035325099359e-01 2.668418682577322013e-03
8.422605385889206930e-01 9.095693409056640477e-02 -2.576578228716932054e-02
8.029494412790378899e-01 7.965961451561405227e-01 1.467360373699425156e-03
-1.840191239703350412e-01 -3.670525703379077243e-01 -1.171673967606562047e-02
-9.244564155559620300e-02 -1.008663606882339803e+00 1.210860485691300434e-02
-2.016043706237682920e-01 6.183995317852005735e-01 -6.620367849965902614e-03
8.033557364769223774e-01 -9.824823404067581367e-02 -1.077068210852546830e-02
8.091791232204018636e-01 8.064247626272389446e-01 -6.290417939092095290e-03
2.314931447720272872e-01 9.911353046255976240e-01 -1.241026732449256736e-02
-1.952284682246868130e-01 -6.276691006311617693e-01 -4.913492191043676745e-03
-2.332315123083255615e-01 1.001764705507696807e+00 6.675893358764626098e-03
-1.684447352228221895e-01 -9.881029075535785466e-01 2.036785669175713090e-02
8.092507913094479921e-01 7.622327352549361501e-02 2.063914608619828520e-02
-5.409340583849932271e-03 -9.866211420050428060e-01 -6.301760499043592041e-03
7.789568679474271340e-01 -1.016181166634468669e+00 5.503808044808005187e-03
4.891460174486479962e-01 -9.978855048298018726e-01 1.721133844664131038e-02
7.678021298541022333e-01 9.972645503208518170e-01 2.476343214315294278e-02
1.484508059768676058e-01 9.903888556408261268e-01 -2.334345030585029471e-02
7.117187005127187938e-01 -9.971998671317396923e-01 1.534254081209750036e-02
7.907568891325619242e-01 -1.235849421974200973e-01 -2.943742987626934288e-02
4.614013426196144074e-01 -9.693019672536622444e-01 2.800736770085341526e-02
4.332973539242634953e-01 9.550588539220767892e-01 3.565696717431440354e-03
7.328136163542180448e-01 -1.017683445128785946e+00 1.041747440987405085e-02
7.856154196991269600e-01 -2.251589070589147812e-01 4.386433620973451825e-02
7.853176116475137913e-01 -1.331603127480149029e-01 2.311405860239452298e-02
6.034382457688697299e-01 1.026610422477729934e+00 -5.633351461246998045e-03
-2.166141466672445726e-01 2.300910036287668881e-01 -7.652226880624338895e-03
-1.767634416488998716e-01 9.819429352084056983e-01 -1.458297434529102522e-02
6.709597164298989336e-01 -9.697280939325532145e-01 -1.623321926801063117e-02
7.655207917906999837e-01 5.571410340696739127e-02 -4.212777373543692000e-02
1.817024241660622763e-01 -9.956681698361722344e-01 -3.463111091516184875e-02
7.961552984669724164e-01 -4.079398102026763340e-01 -2.679162094777912118e-02
7.856817265836296693e-01 -5.185178996778591065e-01 3.554847864387988355e-04
2.333987492470998015e-01 -9.815581124819041658e-01 -6.193742389631501886e-03
7.496287301372045464e-01 -9.157465520299896689e-01 -9.191603941773228426e-03
-2.160204471476151744e-01 -9.010943497704150262e-01 5.916065766018945406e-04
1.971628594641285925e-01 -1.015292342407858150e+00 1.564593344386836513e-03
5.039647171656195246e-01 -9.898387284321775725e-01 -1.027231262333110507e-03
7.832992475657458709e-01 5.864851374618073043e-01 6.524990277832579469e-03
-9.680638068362373838e-02 9.897845586421081254e-01 1.097545034804181356e-02
-1.706285522296212970e-02 1.022137726364277910e+00 -1.815558837271126491e-02
7.884350237244401871e-01 1.028576986494155882e-01 -2.208665897879362461e-02
-1.286181693222051003e-01 9.794083132812719805e-01 -2.385285714027948322e-03
1.928501897095842021e-01 1.020169212509415058e+00 -1.585224551275234844e-02
4.131875014531197765e-01 1.009840544533159745e+00 1.483972145563408618e-02
-2.352868930549637805e-01 6.029656813225870993e-01 1.064485892653761062e-02
6.043884222310660359e-01 -9.806097805285135527e-01 -2.522046984292881586e-02
7.831413786784172659e-01 -2.061884654167286113e-01 3.349389104974981324e-02
8.054473935374684146e-01 9.745740116673159426e-01 1.472075070238677147e-02
8.005823753930093600e-01 3.563329076955177865e-01 -4.126730484731745696e-02
-2.161866263395567089e-01 2.908928181424750292e-01 1.044150647425736052e-02
5.874361747506768872e-01 1.015481343907340461e+00 -7.765562632117174735e-03
-8.347210306216401587e-02 -1.002350436819034574e+00 2.025508472542565316e-02
-2.581341672692453182e-01 -9.211955910266096392e-01 1.429856317550337250e-02
5.009504842524221679e-01 -1.006862585801898025e+00 1.249837451006381500e-03
7.985018026277493908e-01 -3.352967284378402524e-01 -1.217646805750916862e-02
5.208154009910653803e-01 9.941097275338703909e-01 -1.135148978613503921e-03
4.302155109902819907e-01 9.530771873944579031e-01 2.357202559594255564e-02
6.418440521020519762e-01 -9.930291550349867880e-01 -3.526426577320275393e-03
-1.537621856060660819e-01 -9.845478265924282324e-01 2.395224223875359274e-03
8.017046316800705563e-01 -8.919169291462708538e-01 6.305817679665386003e-05
7.775674533538892153e-01 -3.454760525454988462e-01 3.583789548839690781e-02
5.351654975172777107e-01 1.006560927416645379e+00 -1.288815287536325925e-02
4.169365953166274119e-01 9.916073850675096724e-01 7.640364209405533895e-03
-1.061093052482363630e-01 -9.833978353249871462e-01 -1.870910408794095384e-02
7.973737311919792958e-01 -1.164778066921509786e-01 -1.634454333048702274e-02
7.877329323184082410e-01 -7.424662408450364293e-01 2.465813564978560149e-02
4.807889059271274745e-01 -9.947387875826801951e-01 2.784740131076966427e-02
2.359508424522530901e-01 9.939584194224471148e-01 2.406363249704716444e-03
7.895243268923777258e-01 3.223884551892584188e-02 4.083265277459783432e-03
1.966578543746197172e-01 1.009413165008082869e+00 7.901729491048219145e-03
6.835462727802960048e-02 1.001604412433813929e+00 1.008786546936704925e-03
5.396012274790197294e-01 9.816404316375345607e-01 -8.682892246391929426e-04
4.903499421801561092e-02 -1.007934363649756637e+00 2.033413157556877848e-02
6.943280166207942417e-01 9.789930707074808724e-01 1.408601175239632651e-02
4.332945507431998911e-01 1.005297054205931406e+00 2.876372555356794883e-02
-2.182313495394949954e-01 3.914471104617872066e-01 -9.842307490125956973e-03
7.718726704618604773e-01 -5.234443306596333612e-01 3.733805259608555770e-03
-1.534043674681043745e-01 -1.004772933022334058e+00 3.291529221393527799e-02
-1.773634535584975025e-01 9.819119554411408490e-01 8.273741539575612744e-03
5.325007684980523903e-01 1.058012875565640831e+00 7.756181650828966254e-03
-3.845444484188813988e-02 9.526908035920560458e-01 -9.741798667736866098e-04
-2.226355846509910641e-01 9.433423966319479659e-01 6.515754502527848491e-02
3.178954439497484463e-01 -1.031323918502143888e+00 -1.525383174036230687e-02
7.675160762719233087e-01 2.562979196789864078e-01 -1.431184881442781019e-02
-2.300488911900718247e-01 3.488787368718361814e-01 -1.863773065741942481e-03
5.736876989952887085e-01 1.040154321700358597e+00 5.414626180045361073e-03
8.149370525094006279e-01 8.352601514317847808e-01 -4.591742868354849183e-03
4.676705098664237781e-01 -1.015788231814923170e+00 1.925606095812152502e-02
8.106652348877245728e-01 -1.982598288817174342e-02 1.693712022393545000e-02
7.921153422280347023e-01 -6.696885543739419244e-01 -1.624093475489736885e-02
-2.111637560065599828e-01 -9.138878224308240039e-01 2.085797884948649428e-03
-5.471311329286381031e-02 -9.676295157694602134e-01 1.539367700361744806e-02
-1.670457452385007424e-01 -7.330222153463566981e-01 -3.285190248838464749e-02
9.206145679190684550e-02 -1.008434869457317973e+00 2.087576910699289953e-02
-1.879250639841106296e-01 -1.450716765354241322e-01 -3.223373740880582095e-02
1.244928055502125472e-02 1.012699943170077166e+00 6.377932171249596320e-03
4.547896852580815552e-01 9.938033764583168450e-01 -3.415046768381185208e-03
7.100682365179434852e-01 -9.963997618286276614e-01 1.920622405721806453e-02
-1.919000403502397478e-01 -2.126510296367431496e-02 -5.107854685264385380e-02
4.770494765903554590e-01 -9.836245894444414217e-01 5.114343851296351481e-03
4.876196923797452426e-02 -9.923197394174113617e-01 3.609321502746013627e-02
4.860625558329133566e-01 9.911681176345759070e-01 4.871634168972160256e-02
-1.420478419737708775e-01 9.917398918581957767e-01 2.690353090275392233e-04
8.087012538734190681e-01 1.756539143349363785e-01 1.806650708638083205e-02
6.290836724860512930e-02 9.772298270944842491e-01 1.571161548009844186e-02
7.835177108313807759e-01 3.362785718093481147e-01 8.350596862199275577e-03
7.751260999823345044e-01 9.889088886289582048e-01 -2.157286965389983158e-02
7.967127917475770316e-01 5.304871858729831580e-01 1.164297689229615469e-02
6.359298981366898751e-01 -9.672267409453192410e-01 -1.722461377466964066e-02
7.607920279716234857e-01 -8.002244544801371262e-01 -2.205028717132969177e-02
7.858799907804495666e-01 1.333982636300000968e-01 -1.524683708379110129e-03
-2.081971262114423182e-01 -8.973388390149547034e-01 -4.124622490112643536e-02
3.131108829941824934e-01 9.651437717323527732e-01 -4.389699459978003288e-02
7.876220502631154918e-01 9.877116286894274122e-01 -1.675410652421721039e-03
-1.818303252677161419e-01 1.000618943311165188e+00 2.400254624005932098e-03
6.897455612586166351e-01 9.916610634721676476e-01 -1.411895098308435688e-02
6.204979054287433904e-01 9.723910166332838667e-01 -2.860703193074816061e-02
1.790247476266216275e-01 -1.011523065711827485e+00 -1.292571704726652899e-02
-6.090220806450282603e-02 -1.016757675863183996e+00 2.747595546196263117e-02
1.502889325017234545e-01 1.017944595960793341e+00 -1.421958866851279028e-02
5.548071984210101171e-01 -1.002106599104657381e+00 -4.034567034792854029e-02
-2.462365938627030237e-01 -6.239529287931431245e-01 -1.474577747268830848e-02
2.937793510540970265e-01 9.893852248707467600e-01 6.957856562667043276e-03
1.989437484531260750e-02 -1.000490149306589194e+00 -1.882514561654869897e-02
1.831656337660859390e-01 9.967436542022871659e-01 1.158306834114528928e-02
3.137993580071835042e-01 1.002308423236163870e+00 -9.051547369180188221e-03
4.832320296616582356e-01 9.955659487565898802e-01 5.988281986456778054e-03
-2.407345269571694313e-01 -7.472303789857708267e-01 3.330720734390700544e-02
7.796180285768949947e-01 -2.505755871127133272e-01 -6.426041113855866967e-03
2.813393843414657702e-01 9.538132188129098132e-01 1.042465445948368395e-02
7.697977122376390424e-01 1.010056260034899234e+00 -8.801060258122496774e-03
7.228328343207189866e-01 -1.010510895375665186e+00 -8.326900999437985423e-03
7.937018259910507689e-01 3.710620314001862874e-01 -2.264613860512577903e-02
1.073881126773248984e-01 -9.666391710577350027e-01 9.182937860161950738e-03
-9.588382304215532781e-02 1.025540931515581677e+00 -3.459991706721412229e-03
6.594519742460743794e-01 -1.044311709628683582e+00 -4.165670385245524854e-02
7.985282887240378047e-01 -5.131613949773431438e-01 -9.301388723242457954e-03
7.653234356063586263e-01 9.276012121597709825e-01 -6.456557122830354316e-03
7.593645755650858531e-01 9.601705927652803840e-01 -3.848540421442730661e-03
6.656048357392557735e-01 9.950659905976412256e-01 2.213298037248712102e-02
1.120258133879741824e-01 1.015959469726433362e+00 8.207896204404154308e-03
7.600766718201661387e-01 -4.905950633245049763e-01 1.688885694431814175e-02
7.971611716888691301e-01 -3.042409672605865256e-01 -5.366688120483840974e-02
-1.685973887344648370e-01 -4.151699898108915932e-01 1.385525527318500275e-02
3.090713707500218899e-01 -1.015270888617428424e+00 -1.463598306384178600e-02
6.742714263338439595e-01 -9.950313696550190379e-01 -7.694871546067891255e-03
7.185876349639142013e-01 -9.947905600686021144e-01 -7.944102551744457175e-03
1.566610581980580619e-01 -9.840926291496461253e-01 -4.570401318825743561e-03
4.435038681385201631e-01 9.905130825799821626e-01 3.806147217684806294e-02
7.774779256469335209e-01 8.081097868714709476e-01 2.953670327013831892e-02
3.224423651031167459e-01 8.754204479011029605e-01 1.024916741419228117e-02
1.303359056804592520e+00 2.681354862719052434e+00 5.850454902774313015e-02
4.254458327525523220e-01 -2.136268540506723213e+00 4.122670977626891053e-02
1.324516791897541346e+00 -1.963983023153877960e+00 6.066428338040094626e-03
6.167066518190944535e-02 1.636111542829797649e+00 -6.471350493331573528e-02
1.409241913868413576e+00 1.667730460521686275e+00 3.151253519421282068e-02
-1.016189085720389240e-01 4.875051229834648225e-01 1.440315698584697379e-02
-5.655209403146719271e-01 2.941210087500886416e+00 9.909466940584318873e-02
-5.149518626617460848e-01 1.033381091313344768e+00 -9.598549540381007272e-02
1.698860021654250652e+00 2.462098924283855794e+00 9.424540891265772991e-02
-1.050576631073990574e+00 5.188604271682253355e-01 8.034466897106826155e-02
1.423928361721564784e+00 -2.245563505846546626e+00 5.015507441080077622e-02
1.539185384121424249e+00 1.407549456061385484e-02 3.358199633728264910e-02
-6.989675533399831719e-01 2.183497248916336453e+00 9.193673688289169532e-02
1.199496412338767026e+00 1.809822785398323752e+00 -7.755256773110684454e-02
1.709539099810360785e+00 6.246691882296246945e-01 3.594943078975532114e-02
1.069196392359820447e+00 -1.434384900325179402e+00 -9.462461319845133501e-02
-1.141400325483892253e-01 5.461621562009040254e-01 1.497612626094310673e-02
9.173287912585017523e-01 -2.070743673334927593e+00 8.180028392695198880e-02
1.283932341945068778e+00 -2.322796709252393565e+00 6.492378425995565250e-02
