-1.659446876947777705e-01 -6.401646827240778936e-01 -2.794344624429368710e-03
1.630464223841161242e-01 -1.012973168545929115e+00 -7.419030860370601221e-03
8.467108649531159825e-01 -1.012603727433159850e+00 -6.364137651353321545e-02
-7.274239935118848033e-02 -4.809826417378972874e-01 -2.042380481146040608e-02
2.458073753424827312e-01 -9.847253198479466452e-01 -2.224485453657438355e-02
5.730482700690380238e-01 -1.015636286668978538e+00 -1.771413858890771333e-03
4.585745713244476218e-01 -1.021089678103553444e+00 -1.406031735136169941e-02
-1.086726908918129036e-01 -7.492971583947173331e-01 -3.917071861951565426e-02
7.154850646599130171e-01 1.001433523014229721e+00 9.406197529076891495e-03
-4.137696027238395996e-02 -3.746422180147252479e-01 3.472675480819466948e-02
1.375439172762826789e-01 -9.796757876855547442e-01 1.797822964350490049e-02
4.291032813928988277e-01 -9.897309975702300866e-01 -2.106355520895340089e-02
-9.659385100256351331e-02 -6.664664211798556614e-01 -8.879594967083726670e-03
8.922238402265005863e-01 1.403428147638540457e-01 -1.572619154281159129e-02
9.410551039981468469e-02 -9.683414658175136802e-01 3.507127494826010536e-03
2.878788746485268502e-01 9.731641092768190671e-01 2.237790803152856639e-02
-9.787605020855594251e-02 -6.240133499579807452e-01 -1.240922689090744567e-02
9.183737792929299593e-01 4.367787679726559680e-01 -2.261403531921104063e-02
9.010619727158765135e-01 -6.467641652069143765e-01 2.090141161913626391e-03
2.179657884487141706e-01 -9.959292389513911825e-01 2.755117979886108695e-02
8.851810388458154488e-01 9.132004236993080948e-01 -1.873376726568317177e-02
8.634754452569007865e-01 -9.865564970508047260e-01 1.385759444895531822e-02
-9.821485172043163681e-02 8.907137250087058256e-01 3.132184144711380128e-03
6.273154740376963856e-01 1.008331597594879669e+00 -2.026291382460064516e-02
8.849011687358234735e-01 -9.536833337743523265e-01 -6.000614258891232705e-03
9.146281756515403094e-01 4.391057441969295483e-02 -4.062417221392464715e-03
9.051917421195398994e-01 2.793347627739063421e-01 1.457067584150621188e-02
9.187979784063077249e-03 -9.870688752541686428e-01 -3.633037809888690906e-02
6.461354800858123415e-01 -1.000451628443197016e+00 -7.830731060236918381e-03
-1.091010345726464159e-01 -1.687755466558062967e-01 1.752355684494639673e-02
4.101739491592687470e-01 -9.868236620555684846e-01 2.293658458954841647e-03
8.932176335164233594e-01 4.473157076793251030e-01 2.703204115719383405e-02
8.552322340079193674e-01 -9.883132045214950701e-01 1.441461970948544440e-02
1.788208289040397192e-01 -1.023135013865748455e+00 -2.447559472140072023e-02
9.251353971318918568e-01 -5.652162639547056999e-01 -1.988138286772725069e-02
5.610950894593673688e-01 9.740853891622192062e-01 2.582456741716671056e-02
-8.479006533089429587e-02 9.048305953426903914e-01 -1.790724408173252277e-02
9.141263406027245741e-01 8.594916105730394662e-01 1.182604019950253983e-03
7.664492977922316985e-01 1.021868223308565415e+00 -2.680833366459205169e-02
4.047881112579393981e-01 9.808383097393941208e-01 -3.446953135857012702e-03
-1.161429043711287856e-01 -4.622446379106159298e-01 1.560903197814962097e-02
1.334522148994704560e-02 -1.010444462405178712e+00 -1.867517354874510122e-02
2.828659725053438434e-01 1.010197741985048969e+00 1.709840395818958353e-03
8.577788556963825695e-01 -1.017871295780110819e+00 8.669872802415578769e-03
-1.057986848576417810e-01 2.732391871438607373e-02 -1.817804454953391921e-02
6.973703639875720173e-01 9.816017440027238194e-01 -2.605923759438658754e-02
7.888516215769844075e-01 -1.009914444361417196e+00 -1.796204630590123377e-02
-1.114904093125522605e-01 7.500435784787580218e-01 -1.042315060658005783e-02
2.844837218570239745e-01 -1.011939783372086454e+00 1.469759043958072768e-02
4.934262246021178244e-01 1.029187180674055124e+00 1.114663633724724198e-02
-1.054853071452288432e-01 6.132652578731463411e-01 -2.568924246178344931e-02
9.149323224746477301e-01 -9.329499711383191229e-01 6.687731373218532178e-03
-7.336548994341725305e-02 -2.652114865700981872e-01 -3.487427712415890751e-02
6.127855082654688479e-01 9.967453318962569142e-01 1.106146094839141961e-02
-5.643894875941206368e-02 1.074546928115473893e-01 -2.125429323906126780e-02
8.480320456993862832e-01 9.978703353469519088e-01 -9.740121412403788875e-04
9.241208468938536535e-01 -9.829308321785438229e-01 -2.284755695695997110e-02
8.662368452864893653e-01 -6.747779373752894605e-01 1.265873804473018754e-02
8.691263879060209252e-01 1.013359602525525149e+00 1.405594746311674727e-02
9.107711942024486751e-01 -9.882376262304100045e-01 -2.974684746411031949e-02
-1.265321851392114949e-01 7.696246898749127263e-01 -1.591247043313506705e-03
3.961406677677780652e-01 -9.961384555653490791e-01 3.429041306906121037e-03
9.025086330063636364e-01 -9.434403830697316584e-01 2.434163757193368721e-02
7.816651004065687802e-01 -9.974429794014296746e-01 -3.939005302877652409e-02
8.144154299202794878e-01 -9.680201721851775520e-01 -2.832034083534855709e-02
-1.090291699189117613e-01 -5.807970382284851490e-02 -1.355169306912411796e-02
-8.824525929751889097e-02 9.969218218978889157e-01 -2.407338134293095060e-03
8.724293190808763976e-01 -8.596879655162205092e-01 4.767712121276317799e-02
-4.697155943979459958e-02 -1.003527835980000393e+00 1.410798109791764829e-02
6.854645471954576297e-02 1.024944823212659228e+00 -2.602790010458920500e-02
8.846208955004050134e-01 -6.176234739068060531e-01 -1.952067217523902401e-02
1.112045834804267636e-01 9.892234254820021500e-01 2.446935066953110933e-03
1.003240265401242337e-01 1.029214793711722864e+00 -3.671726976531869413e-02
5.011108991711037408e-01 -1.009056981959166377e+00 -7.523894371216081033e-03
-1.123720906513620693e-01 6.882871942885930849e-01 -2.679066522993622280e-03
1.531963126942205988e-01 -1.009762194586366180e+00 3.576431703702990378e-02
3.454487962314283234e-01 1.010359202640629617e+00 3.106763770373373833e-03
-1.142242286997456058e-01 -9.599012376231855770e-01 8.553166036601838815e-03
-9.810607900354248456e-04 9.788923382903829129e-01 9.259492635510910633e-03
-1.093747124296880063e-01 -8.665374990970108326e-01 -2.253636422213151774e-02
-1.051526263337834166e-01 7.070711360292569747e-01 8.261177762841763472e-03
-1.169480373772193438e-01 -2.880348086341763536e-01 3.221089972709832282e-04
6.766666861507640851e-01 -1.027296028807489048e+00 1.180357022904950093e-02
8.949639207119000073e-01 -1.222484667121194468e-02 2.953322972007965327e-02
3.475491681520633813e-01 9.843475183077613488e-01 1.915602835946488697e-02
8.922289028970968872e-01 5.691081211642858850e-01 9.515828034852373205e-03
-1.276669070612355961e-01 -4.237190518346629076e-01 -9.957087787944955692e-03
-9.372822716260902076e-02 3.215433389681865428e-01 1.386988441513219150e-02
5.674419100772445240e-02 9.932082474456568333e-01 -2.646007240237508232e-02
8.753681855884375418e-01 2.526649640224624127e-01 6.287372438631421388e-03
3.216490374330177593e-02 -1.040963905146750967e+00 -2.874327867207066012e-02
6.035543523239962349e-01 1.000567259706566903e+00 -1.679520211874906133e-02
2.961753695189143776e-01 -1.006889094294976861e+00 9.665880383843914944e-03
9.266833833918262098e-01 -6.935480734425767402e-01 -1.883324540276253359e-02
9.292248286221178599e-01 -2.442926686758577770e-01 6.890177989602674045e-03
9.540179327486550398e-02 9.931784885632214399e-01 1.609212306504097245e-02
2.167978954050552853e-01 -1.016108631970465304e+00 -1.620841873770530184e-02
9.068925469118793714e-01 -8.053128351505614013e-01 -1.112072405740608186e-02
1.726092785539591890e-01 9.779056429012158436e-01 5.588226120358283193e-03
-9.072287485323704548e-02 -9.921021705110545374e-01 -2.683305073565643226e-02
6.957659054800588994e-01 -1.010423186848918409e+00 -2.481956722193915353e-03
7.554775241983209266e-01 1.011275920868578870e+00 1.347476002479232500e-02
9.024981087023321580e-01 -3.454332273596718433e-02 -8.793336465075156025e-03
5.406227907970471147e-01 9.943203893523626657e-01 8.384613498749013405e-03
-7.610419937833909354e-02 -6.775629403477085866e-01 4.055802446179459543e-03
-1.065675989704231025e-01 -1.001196611619209031e+00 -2.159273329999157609e-02
7.625826569854168291e-01 1.001247517167814127e+00 -3.391680819187019302e-02
-1.043912272314277273e-01 -1.004158685236915982e+00 -2.461933542780417317e-03
-1.143768456125200256e-01 -7.826782078122036523e-01 4.011745588526831156e-03
2.586700165660575368e-01 9.670954282845405370e-01 -6.815077811409743329e-03
7.530314789005059239e-01 1.030815348493867134e+00 4.781845997035062863e-03
-1.136360437991169176e-01 -4.558313334503923397e-01 1.143862887611699942e-02
-9.793319411800177621e-02 6.268899063491821522e-02 -2.924975687613174877e-02
7.217756719349472938e-01 1.038216703977876243e+00 -2.119217507118691113e-02
-1.089218431099834572e-01 9.851477048639148970e-01 2.596757146587234596e-02
-1.065764196758556964e-01 9.800753001356211636e-01 -2.465891138721398521e-02
8.022339451103048802e-01 9.483208272668710581e-01 4.372851117597428838e-04
5.449049193795376667e-01 9.878094843016804738e-01 1.492251530691943509e-02
6.557977702595243485e-01 -1.034848463169386612e+00 -1.276545311371549314e-02
8.430643939611117688e-01 9.858829655476782916e-01 1.025134690211537518e-02
2.373806812702259350e-01 -9.877920927582372057e-01 3.715808762050654829e-02
2.214336069743400304e-01 -1.005268279093634698e+00 -8.808151945696359938e-03
4.536008980015379111e-01 -9.693448940011744064e-01 -3.354368441353484248e-02
4.950822734171589357e-01 -1.026938054860937699e+00 1.686805059794674322e-02
9.273007163964166466e-01 8.445591698992923613e-01 -3.046823700102986934e-02
5.802685421448534608e-01 -9.870148881972573562e-01 4.971365285401528611e-02
1.531128910520385689e-01 -9.605237813206694009e-01 1.577777483751948220e-02
1.327877872786935864e-01 9.470445245603770212e-01 -1.052568190235548401e-02
9.142942137223976085e-01 1.528038224058237970e-01 1.651408354771428597e-02
1.106243315485229139e-01 -9.665650054769330257e-01 -2.769650326742067320e-02
2.590448110222707823e-01 -9.944507786903485913e-01 -9.787431048185331675e-03
-1.114987605372465274e-01 -5.859267523644874354e-01 4.093918815173586828e-02
4.663435103519355529e-01 1.029631923065505550e+00 -7.731880488314003602e-04
4.789070337535584754e-01 1.031578024371282432e+00 1.603811991638679629e-02
8.766251982700641321e-01 8.914210322272586584e-01 1.976544764644809146e-02
9.120868223901036353e-01 8.891394869855892003e-01 -6.347720511341276017e-03
5.547406610906444602e-01 9.808596604980404088e-01 4.295073057001722733e-03
1.607883026855438380e-01 -1.005521621371777030e+00 -4.373752951073621442e-02
-1.111902943976169345e-01 1.749859526311658697e-01 2.131972490102551632e-02
-8.332716064998862970e-02 4.928449953913384696e-01 -1.310861499028921108e-02
6.784096970274922089e-02 -1.033684035952176616e+00 5.006327244947419638e-04
9.042567559834628899e-01 -1.056971309491263750e-01 1.801418660343643424e-02
5.579011731882892455e-01 1.026380228604661937e+00 -9.221647941858947956e-03
4.533179188026948969e-01 9.721088631054826124e-01 -2.891293762759820918e-02
-1.143237725604783067e-01 8.572256075513360329e-01 -2.406225203267095547e-02
5.847114785897635642e-02 -9.822820722142994176e-01 -5.229649979113950133e-04
2.971060317395674000e-01 9.652738477146197704e-01 -1.401705568983411219e-02
-1.165728612382962714e-01 2.373876475968210997e-01 -1.958579738541453216e-02
8.799680617951493034e-01 6.124708555017673861e-01 -9.451460971917593351e-03
-8.826451374960073148e-02 1.034913107991416170e-01 -3.023793472344181443e-02
7.623285832416767938e-02 -1.012233826275404036e+00 7.894033905794563006e-04
-1.316306238354318370e-01 -4.119531083743211974e-01 1.764784809988655806e-02
-1.210149659709505304e-01 5.253478236076429553e-02 -8.569880386200434685e-03
4.930021517915482154e-01 -1.003941580274335665e+00 -2.327897096433130877e-02
5.883473787338463490e-01 9.771949784137311523e-01 1.102065085765825377e-03
8.886972807474540215e-01 1.324025077664199301e-01 1.992980650218157887e-02
6.032425427227239290e-01 1.000883701989331076e+00 2.312801541639811914e-02
8.936386729330272338e-01 -6.276605883261335839e-01 7.766820394920515361e-03
9.342138749414780063e-01 -3.162913372519901012e-01 2.402986460399299598e-02
-1.040385879055087670e-01 9.326349932768013273e-01 -9.521650161122359804e-03
8.837940543034111807e-01 9.490831974049792619e-01 1.032427423186583516e-02
6.267200300398282353e-01 -1.004530350661994698e+00 -3.135249518536505509e-03
4.691052038094496723e-02 1.002811498510476129e+00 3.039843925345533590e-02
-8.553956141821855708e-02 5.462093326850917530e-01 5.030259066126111997e-03
-8.887382148025840811e-02 4.436237089481203100e-01 1.961943393416445275e-02
9.321661456325822659e-01 -8.784652932339487297e-01 3.093340846888918000e-02
7.747830921029940088e-01 9.700165834312176605e-01 2.822072333586786441e-02
2.164077786067436851e-02 1.009707726805018746e+00 -3.471264974276212084e-02
-1.188321145856994360e-01 -6.260973878946598514e-01 -2.556021306945053737e-02
4.934773881958633424e-01 1.004269539555482815e+00 -2.603133735233117974e-02
8.989355216721331976e-01 5.741024550196323073e-01 -9.293324597654988375e-03
-9.646280033703130696e-02 6.088231645638851885e-01 -2.694555429881787131e-04
-9.695763486441691392e-02 -1.018968741587668703e+00 -9.657696461712710068e-03
9.298415081155416706e-01 5.712857359231918730e-01 1.040949358860195420e-02
-1.063426967827764691e-01 1.048706218002682655e-01 -1.015274238150678035e-02
-1.032878125382295509e-01 2.840445296619817719e-02 2.413683041749472083e-02
-1.110965928014608917e-01 6.669000825859942028e-01 -1.647975082982039430e-02
1.105035572578911551e-01 -1.021323083816110477e+00 3.166862264705425783e-02
6.544892730367928291e-01 9.480657405929527881e-01 2.651500410430813678e-03
8.733186397305283677e-01 2.016472112687969498e-01 -1.930848213646519165e-02
-1.153750580964467004e-01 9.648955172092814614e-01 3.358508508767967665e-02
1.344320792337420911e-01 -1.012097018321349129e+00 -3.031997451177026459e-02
9.619019220599403508e-02 -1.005947049651837233e+00 2.409884896985281869e-02
1.637715814861427921e-01 -1.034730082241732907e+00 2.800533676100545877e-02
8.068755969816414630e-01 9.945211133687147376e-01 1.292496759036735297e-02
8.321275692393269585e-01 9.766832469719993748e-01 -6.600970206269611909e-03
6.117076928047688877e-01 1.011369744815109328e+00 -8.572104685612707761e-03
-7.258724567228794222e-02 -8.717618219101017640e-01 1.289513191726471275e-02
-1.051679808595230026e-01 -1.818494889522649927e-01 -5.657845375258061492e-03
2.111578114137578621e-01 -1.004640850038700961e+00 9.844000053390498939e-03
9.107316438428814109e-01 1.673768491503438149e-01 3.981312762891198870e-03
7.646538266933284866e-01 9.727340550181011736e-01 -1.648087263308559494e-02
2.130193706585823549e-02 9.645992608339443164e-01 6.654109816106468060e-03
-1.071673366449410192e-01 5.139078182282845741e-01 -2.153270973303245128e-02
6.181969036846906018e-01 -9.870057052118370589e-01 -2.003770598939239728e-02
8.760784139120394443e-01 5.746657425265644381e-01 6.236145705805487202e-03
2.576718455795461438e-01 -1.012426276734364583e+00 -9.450959693525280703e-03
8.708093138410294420e-01 8.886890090530860098e-01 2.425810769047210495e-03
5.992000591192174763e-01 9.969273772671553013e-01 1.980299825041925872e-03
3.349314495354246413e-01 -1.001856178469165082e+00 7.340834985111398779e-03
6.816176024584859050e-01 2.207991185666410061e+00 -2.827121682409720893e-02
-9.687259196610823464e-01 4.782478995759076312e-02 6.308738713600048342e-03
-2.594769179064442266e-01 -2.786585023089728885e+00 -8.811906480160530686e-02
-8.342391689138267674e-01 1.103856269184228189e+00 7.108338221264143275e-02
1.228634045497779326e+00 1.720090837074002010e-01 4.711356834777830072e-02
-4.499062465353703688e-01 -1.392267365326924633e+00 3.453496217367574284e-02
-7.401026413104671020e-01 -1.521281612295837027e+00 4.032025569632552431e-02
1.239631730246973706e+00 7.617532281617362955e-01 -4.999017964836878491e-02
8.797386817715433516e-01 -5.750506375281885241e-01 5.615054600002342133e-02
-9.964809842160230469e-01 1.704766889899711479e+00 7.412629417495189554e-02
-9.992531799754478250e-01 5.207787401690353590e-01 -2.467127832946389154e-02
1.045824953156996973e+00 -2.152840349660807284e+00 9.856774362968165337e-02
3.097041887978324581e-02 -2.303752147512506454e+00 -8.079193703404025095e-02
3.144987562509440338e-01 2.997198738075147695e+00 2.748011817165665893e-02
7.434193866363496550e-01 2.020686754324271028e+00 -8.444842890815117131e-02
9.780486741897034264e-01 2.622155635753228076e+00 9.819162793884919638e-02
-8.115261131680607809e-01 -1.032147588162594110e+00 -6.017260888438642763e-02
-4.337587518829645328e-01 -9.146840431465497190e-01 9.801529357270583054e-02
1.128923218461208133e+00 -2.494932267074327470e+00 -8.017283208949131657e-02
1.761040807629250526e+00 -6.970816895947411496e-01 7.694198335596008631e-02
