4.596601501813820517e-02 -9.981055546353455599e-01 -1.791067586265743597e-02
2.950772285583902477e-01 -1.017815997949347073e+00 -1.456840183950843318e-03
3.502722947603778558e-01 -9.910877393838286586e-01 -1.162693129765826443e-02
5.916553208988023504e-02 -1.005149973612013081e+00 -1.433849025819179668e-02
-2.595514751868848169e-01 7.544660165029963839e-01 -6.056544369740436587e-05
-2.538398033610898552e-01 1.003172949720261053e+00 -2.289788323309576226e-02
1.303193124252368662e-01 -1.024445643768497893e+00 2.506572784830190734e-03
1.901389939023547526e-01 9.929900404754409271e-01 2.606108899231313406e-02
-2.759605921068475354e-01 -9.001198765548881209e-01 2.979333915269743310e-02
6.625388741344155896e-01 -2.690494609979949270e-01 -1.755160988998023808e-02
-2.960046913252501466e-01 8.782325433111100033e-01 -2.992334710439132142e-02
1.907974755426391361e-02 -9.827082567713317784e-01 1.847870538396413631e-02
-2.602018612926212393e-01 -9.740219714439913856e-01 -1.889840225279694128e-02
6.454224661541907437e-01 8.891359597075315646e-01 4.701866714154988476e-03
6.835003843489589892e-01 6.712962304301129945e-01 -3.008947769188645774e-02
5.150335343533379850e-01 -1.008914641883084995e+00 7.759252009975917998e-03
-3.113175267311498184e-01 -4.636749986579634664e-01 9.162180735556088931e-03
3.415425426910275730e-01 9.896385056100872601e-01 -7.973782551289828463e-03
2.770378991256926549e-01 9.923883833173299251e-01 1.257261750865659895e-02
6.625212417704472445e-01 1.004618084981700576e+00 1.552127285254657719e-03
2.806313661255006586e-01 -1.004905516785234765e+00 1.372753670105700437e-02
6.010412717651864023e-01 1.000397437514945143e+00 2.653751104366082122e-02
-3.278573518974386980e-01 -7.655341635079542240e-01 -1.835881350379517038e-02
7.083009851563191184e-01 6.110619055915719189e-01 3.438917322233651236e-02
6.958933040569205142e-01 -7.670407535624267359e-01 1.197582547768326171e-02
-2.298160952489986808e-01 9.684338842355217913e-01 -4.620841044447220741e-03
7.193965536905028157e-01 -6.563566448203029813e-01 2.686946175049114219e-02
4.350273845641695614e-01 9.844577176751366787e-01 3.703830656110832648e-02
-2.701229054669365692e-01 5.165081468777352192e-02 -6.236842873311689711e-03
6.870182609744264202e-01 -5.006554332703138099e-01 2.627012010271399453e-02
-2.930276162497098547e-01 -3.415808143899126681e-01 -3.043003286170222962e-02
5.128425418128086666e-02 -1.010028789546520533e+00 1.342220497156576715e-02
3.742226031627193805e-01 -1.037350827186764857e+00 -2.985950943611427252e-02
6.921600457024245090e-01 -5.948173524409419155e-01 -1.833995034452618866e-03
6.964826579626478553e-01 -5.561690922414682658e-01 1.897937047607766575e-02
-9.542802546970489963e-02 -1.022879369303057562e+00 1.315446989814554428e-02
1.957741853122764164e-01 1.003840427111416966e+00 -1.361836015072264913e-02
6.852170584829069266e-01 2.647512114234904304e-02 -2.015540223506953263e-02
1.973376532278879603e-01 9.829576947525543451e-01 6.658427545334399782e-03
4.943444358586935872e-01 9.913664708952726334e-01 9.709700576560726173e-03
3.396678405132005363e-01 -1.012808275016395809e+00 1.012945841439650716e-03
7.033558055068913628e-01 -9.288293417917299344e-01 -1.253850509854373060e-02
-3.192628518391752990e-01 2.670533675419985431e-01 -1.905380537845635311e-02
6.597350975392122230e-01 5.762598354071930551e-01 6.321333192152418269e-03
-2.722808041247896105e-01 9.700706619594283708e-01 3.121330990148756673e-02
-3.171139648376563036e-01 1.576696765800970901e-01 4.799766855436934411e-03
-3.151766520131449312e-02 -1.010484772656356611e+00 -1.397498637048133485e-02
2.789559744600436098e-01 9.566312759650669184e-01 -7.264875481384674809e-03
2.417731887948331160e-01 9.712612111463702069e-01 -3.626769347886145411e-03
5.815728023533978108e-01 9.978175170395454652e-01 1.143045162389853819e-02
4.800287441854388798e-02 -1.001467645540146112e+00 -2.525239532600065742e-02
-2.960616999745456224e-01 -6.461065236489796706e-03 4.380775870293339945e-03
-2.700782462113648363e-01 -8.288451774572566100e-01 -8.224183018547171972e-03
6.611888387264404088e-01 -1.002075491363918269e+00 -1.512017609525895083e-02
7.121138317042650101e-01 9.865574581349008110e-01 4.116473233053559444e-02
-3.443536684137327164e-01 -3.188616615842359558e-01 2.013896197562348167e-02
6.779750753966925503e-01 -3.987475256509845356e-01 2.792901893164638841e-02
6.599095894285631481e-01 -8.731180869297880953e-01 4.403439621045524346e-03
-2.806041155910241058e-01 1.184032493739363562e-01 4.085163370547299604e-03
-9.877613643872101834e-02 9.992488487778676820e-01 7.746092723105858606e-03
6.243424652256228669e-01 -1.003228777768474744e+00 3.711384093490954772e-02
-2.898012389917532516e-01 -7.473910402955311616e-01 1.187386887136820078e-02
6.921872074043070588e-01 -7.343967245238836039e-01 -1.092051169921526114e-02
1.019896869931730676e-01 9.887808616950443108e-01 6.287357314402176531e-03
-1.227754609698947508e-01 -1.015879735682919893e+00 5.095634974393090447e-03
-2.551557119172118138e-01 -1.010965723114318537e+00 -3.946425752220444200e-02
3.759562122955693586e-01 -9.793925944943370210e-01 -1.250724154051670008e-03
7.013860318036796437e-01 -9.521575476884439615e-01 7.885028151333682220e-03
-2.766833064361393091e-01 -5.760525214512171033e-01 1.168618389716565183e-02
-3.205704840365990460e-01 -3.378412383844915934e-01 -2.474136878705198578e-02
-9.488723333087509260e-02 9.830404740956778520e-01 -5.032397074077940916e-03
2.230370099841190168e-01 1.045630507856794900e+00 -9.955671141786040079e-04
9.465882268736461325e-02 -9.552570784249084790e-01 1.971828630020703785e-02
7.100568299858991406e-01 -1.244511165475976483e-01 -1.388857660084809147e-02
-2.991583916399336296e-01 -3.721309172919278763e-01 2.723753768200733475e-04
2.278571274313984651e-01 9.793357793499420927e-01 -9.149953373839709789e-03
-5.627253012790418840e-02 1.024677783925513896e+00 2.565050561208240265e-02
7.051427735599802293e-01 1.642585872988032436e-01 -7.113234962400782728e-03
6.131922852417439479e-02 -9.754706365897077847e-01 -5.880595421806486187e-03
-1.687932598200662937e-01 -9.818911420168375814e-01 -1.535079964378714343e-02
-2.710867033927196190e-01 3.754270589661617974e-01 1.752104007754978765e-02
6.974977590332616106e-01 2.796305948313272394e-01 -1.870615134653826886e-03
6.952815771886033946e-01 7.129137529550962915e-01 -1.226944337430228849e-02
9.585763782163672642e-02 1.017083155442708220e+00 2.993744321323014209e-03
6.815846835292358463e-01 -3.108442256910520785e-01 1.984394990940221287e-02
7.047633054584312440e-01 1.900267811000568019e-01 -2.638691488625181242e-02
2.369547259790358296e-01 1.008335209184884507e+00 4.311721423902409311e-02
7.022960272979525964e-01 -7.998938156017709744e-02 -1.377887341536816745e-02
-2.821356454293921789e-01 4.085505217537090394e-01 -1.897438471780004896e-02
6.247625534978370476e-01 9.804842817442425140e-01 -6.692452669551776645e-03
3.103916799157293016e-01 9.728833253335185116e-01 -1.567420513894851077e-03
-2.975403527463216236e-01 -5.263331020922686898e-01 2.523471970113693244e-02
-1.305815785874793467e-01 1.013836433050711694e+00 9.608121401189684621e-03
6.651352935557315327e-01 -2.002318147108001489e-01 -4.026740497229000515e-02
-2.903944096953255394e-01 5.428516344691479700e-01 -5.429311210946543252e-03
-2.548972651420092217e-01 9.872703428418732052e-01 -9.853116885063737881e-03
-2.752141441325859361e-01 -8.808787907874158218e-01 1.178972793797769536e-02
-2.923166600811644700e-01 5.458390621003034182e-01 2.254521593786213904e-02
7.254316159456839497e-01 -8.759302917339673034e-01 6.105804480340107365e-03
6.714879104767892404e-01 7.720513627458033268e-01 -1.643592231772664572e-02
-3.084809262116335327e-01 5.338917612019816739e-01 -2.272920460130334764e-03
-8.636553315939264619e-02 -9.815419111166758803e-01 4.871777252645519835e-02
7.088566507878855116e-01 -2.596531313368573013e-01 2.274721036340537211e-02
-2.919023516471883073e-01 9.985133498190592594e-01 1.968902480982407527e-02
6.577170249280066550e-01 -9.971850559647541523e-01 -5.864486319389076302e-03
-2.848364123323829933e-01 7.820089151407693118e-01 -3.750991673425937978e-02
3.437900922359282685e-01 1.003107926330770061e+00 4.003889060586466784e-04
-4.422807664333611166e-02 -9.986631258940464884e-01 -1.261304565134675152e-03
-1.496048285778707743e-01 -1.022096465787035058e+00 2.621176455018262713e-02
-1.661377985505084753e-01 -1.003904954746530187e+00 2.200326040891763778e-03
6.980765093132724752e-01 1.047423669938925689e-01 -2.119846325063475673e-02
7.082812336535250219e-01 7.112063113803243075e-01 -2.395489117920982305e-02
5.321885083590822685e-01 -1.002288122887714072e+00 -2.064403719372225401e-02
5.968569634595300988e-01 -9.980234499312047314e-01 1.358216558740221389e-03
-2.773820575968973801e-01 -1.021776604102410335e+00 3.287517530999497367e-02
4.756652861154973544e-01 1.007058032604387643e+00 -4.767805916950190216e-03
3.435200065839066896e-01 -1.015286420331374062e+00 1.627534843106744414e-02
-1.304440862348414942e-01 1.012926311772277765e+00 -2.541966636806388888e-02
6.879428491967739534e-01 4.401061800609077923e-01 1.546410783214715624e-02
-2.895602890958609010e-01 -5.479885444615418821e-01 -3.687165579656567771e-02
-3.178267085526505498e-01 3.156243739189954489e-01 6.651014532503810375e-03
-3.479769633627716185e-01 6.530812502171176037e-01 -2.171456922690487810e-03
6.764006401941217161e-01 -3.594893768564553227e-01 -3.393376935387332205e-02
6.614992715850936955e-01 9.786502161698983349e-01 3.018979169277372088e-02
-2.937272263825451701e-01 -4.221727764631765245e-01 -2.280291336577774247e-02
6.806939250048192891e-01 -3.052086121000602281e-02 6.396742245595440218e-03
-7.778985199111836113e-02 -1.015295652241048119e+00 -1.397514238647586289e-02
-1.047743621108629120e-01 -9.953294930991573031e-01 -2.491087967945223441e-03
6.909032848547539407e-01 -2.122121262121693663e-01 9.444643386509625265e-04
-3.020367693154958899e-01 -4.708092882880689500e-01 2.281714997917709542e-02
4.230907046712591990e-01 1.001147344720802579e+00 -7.414452585087307791e-03
6.928006401441180184e-01 1.017788338525609015e+00 3.010508152114489341e-02
7.078962654912998032e-01 6.689358331356614062e-01 9.222288484256354127e-03
5.124200226035956485e-01 -1.007522167794989265e+00 -2.841070977906416661e-02
3.444093875180700981e-01 -9.977364666472803290e-01 -1.066944758401824379e-02
7.143022146983462051e-01 3.121625144932627105e-01 1.512140672559748877e-02
-2.984645298055682572e-01 -6.951352995953175018e-01 1.711715246310305943e-02
7.374931324906700558e-01 4.456430797369746455e-01 -3.473252155821810599e-02
7.098238760570606543e-01 -9.677446441110330033e-01 -3.607270099743322550e-02
7.031927857064119713e-01 -6.894674920244914240e-01 5.552400265676255692e-02
-2.901220435445586721e-01 -9.056619748883192322e-01 -3.156948618262282041e-02
-1.359608092216466613e-01 9.740732433969108151e-01 2.170958674084668902e-03
-2.895697822625762363e-01 -5.910056064340695192e-01 -9.087675042981630327e-03
2.222249201585813072e-01 1.034826549192148670e+00 -3.610338733394813891e-03
9.610004331740831102e-03 -1.013657887589591411e+00 4.487836407630323154e-02
5.857040873534776759e-01 9.868228693094432957e-01 2.699702734505220539e-02
7.243265107629823785e-01 1.013807789059016473e+00 1.934204191807515835e-02
6.781260043050467701e-01 4.911156446997498592e-02 -1.435356550700517264e-02
6.444421363402692560e-01 -7.648324710173237673e-01 3.008787624631115501e-02
3.450349578436128217e-01 -9.866260481144477623e-01 1.969305205354683619e-02
4.146440965235488885e-01 9.941699468923352878e-01 1.089655473979771715e-02
7.016562120289329130e-01 9.427493532459706449e-01 -3.251745745890257527e-02
-9.266680444608460521e-02 9.995093323691423004e-01 2.479947428132217926e-02
6.938141127032865230e-01 3.951060749519896831e-01 4.774678335476365519e-03
5.812526297551351417e-01 -9.913896590173896239e-01 -1.130073882825073824e-02
6.630137425240545390e-01 -5.283624033860419011e-01 -1.774372608199375687e-02
4.658761906902094685e-01 1.010339935585478743e+00 1.439297404011071965e-03
5.380402856186808913e-01 -1.009221749593922413e+00 1.183972288645135894e-02
-3.216232540622324665e-01 -4.244257741015572405e-01 -1.094446379594567198e-02
-2.812558076437893240e-01 -2.484045202631314786e-01 1.987118283935473961e-02
6.996763138630578416e-01 6.510963816948170391e-02 2.367214825786094837e-02
6.664914683875327039e-01 5.837357853057953960e-01 8.304889070050740577e-03
5.668941343103987007e-01 -9.929544635577050027e-01 -1.368367167689370049e-02
-8.193856132543285431e-02 1.008440670261840255e+00 -1.522338518882049296e-02
-2.908357543592053895e-01 1.009596064509830970e+00 -3.044780137787039614e-05
-9.835092708617969304e-02 9.984777258518865439e-01 1.215885835219959916e-02
3.281024572629606673e-01 9.535450919779260293e-01 4.039910210064824765e-03
7.271725524880725544e-01 -8.080510960330139492e-01 -1.459163971722064225e-02
-2.832507772795800904e-01 -5.576791836129288416e-02 3.081782621467631794e-02
6.916179149544505744e-01 -5.125176687771258038e-02 1.151850989238647691e-02
7.362619046635239251e-01 2.720003170721134629e-03 9.261705331417730350e-03
6.409382962528485939e-01 1.001446899172893312e+00 -3.564292763521195208e-03
-3.082553270926635669e-01 -2.428905967607810912e-01 6.878991116707662296e-04
6.772101867306081768e-01 -7.150977234823630013e-01 1.189361681232427760e-05
-2.085851234218624173e-01 -1.057265871473463736e+00 -3.058668660651773022e-02
-2.834863428740443947e-01 4.713466192096453788e-01 -1.498876522683755680e-02
6.654291499007386479e-01 -7.161970116113884899e-01 2.301934022444323061e-02
-3.291916087000804070e-01 -8.982457017582070602e-01 3.935742793291043679e-02
-3.080359138589345291e-01 -5.653610688404639983e-01 -2.618666635918935615e-02
-3.020561284970668670e-01 -8.144320798947044526e-01 1.229404710912169151e-02
-5.100417798769391747e-02 9.969606654481938390e-01 -4.412767586287559031e-03
2.804771106997689389e-01 -9.740456851985355158e-01 7.311652788341587404e-03
-1.896951701908738408e-01 -9.878976938600739777e-01 3.707934891854949128e-04
-3.224682270834021702e-01 -3.156869098326252066e-01 2.622793969537656061e-02
-2.915409693507684530e-01 -2.393914909160877597e-02 -1.994397542879008597e-02
-2.957665482718304650e-01 7.209293424098305314e-01 4.648692557707592189e-03
-2.959760968891064770e-01 -5.448817332752704523e-01 -1.745355632681001856e-02
2.435193934974557439e-01 9.659924821320374777e-01 -1.480484976760266386e-02
1.531663741734460571e-01 1.027476494705121368e+00 -2.773076092302028187e-03
4.714064788011548268e-01 -9.862790620274243247e-01 2.223772739584016500e-02
-2.905942732479232515e-01 2.428079732976959892e-01 -2.457701957909642562e-02
-4.297884935952546448e-03 1.002047182379300683e+00 -2.163937343772012745e-02
6.900683369664503131e-01 -4.740805802868168217e-01 -4.282260062631482872e-03
4.420775802054960346e-01 -1.026026909878730908e+00 1.278402832836344040e-03
6.756815408455987271e-01 -2.080450931172804496e-01 6.614658067153384238e-03
7.131826662163304187e-01 -9.475625932924041095e-01 3.632395907227852373e-03
-2.766178307982512519e-01 2.995232367212375402e-01 -3.177685053570974277e-02
7.297773709212787008e-01 -9.976834623638907162e-01 -1.903181382280432887e-03
3.453173658635896870e-01 -1.017626140950702363e+00 5.412284818268482331e-03
-1.495589892144727762e-01 -1.003815500464259269e+00 -2.189155324025676350e-02
4.547900884721001180e-01 -2.287747338339777059e+00 9.974788600745140843e-02
1.176378103504553740e+00 1.009111016782797243e+00 -7.323724224304586916e-02
3.812938524663522788e-01 1.077836427431435595e-01 -6.187877590018515950e-02
1.994929647617293966e-01 1.043499655666471071e+00 5.465027155513521584e-02
1.678602670294930155e+00 -1.528985005931871033e+00 5.528651740954365623e-02
-9.484578472482566580e-01 2.718619739485061970e+00 8.568449791281060324e-03
3.485300602277274784e-02 -2.688504631507599996e-01 -9.977565792220272067e-02
-3.213952550821156384e-01 2.076118652329688175e+00 -2.790783040867621245e-02
8.276851791199717479e-01 -2.057396962355027004e+00 -1.947428891930327866e-02
2.504281843171272115e-01 1.802251851184590414e+00 -7.098906191850272440e-02
1.493339266308225666e+00 2.771574034106535578e+00 -9.678606448510905513e-02
-1.156733632688337288e+00 -1.531718679654940019e+00 -4.694763018494163553e-02
7.669377179485659113e-02 -1.868661511954482046e+00 6.289677238249885560e-02
-8.919490495774033967e-01 -1.769928292807253278e+00 -6.442046026914743928e-02
-5.910239588961851975e-01 -1.691156849216358671e+00 4.747449982105456101e-02
4.398643745241137548e-01 -6.404903956722325375e-01 -3.192815118554004350e-02
-3.169021948279967527e-01 1.685883183897560755e-01 -2.940576159749734575e-02
1.358093649897223587e+00 -9.061183293749763834e-02 7.571098596090461430e-02
1.092107498941214283e+00 -2.941561584191874523e+00 3.933437509180778835e-03
1.617915576078747142e+00 -4.485522059252247118e-01 3.611156086187244929e-02
