5.461308082874032355e-01 -3.750318259687254185e-01 -3.827838500383577962e-03
5.742111849447198990e-01 6.300116212480074696e-01 9.979833635330303144e-04
-4.325987837763571875e-01 -3.894327442009169471e-01 8.710366309241464669e-03
5.900317475080292251e-01 1.694660865165007191e-01 -7.746306796145307344e-03
-9.347226159587154748e-02 1.014743754232577455e+00 3.436912104175084831e-02
9.059430409829485886e-02 1.021594524719986019e+00 6.507385775655725492e-03
5.925457854620982401e-01 9.540031893176809108e-01 2.206135454279341962e-02
-1.697794278919889932e-01 9.871042317675672306e-01 8.648692584654327914e-03
-4.410786380353104441e-01 -1.000622622554049324e+00 -1.696842292015513301e-02
5.697641534968750365e-01 4.510243803608993129e-01 9.196321371059097000e-03
-4.026537876344798428e-01 -2.228496959169879582e-02 -2.135217683423517449e-02
3.911614001157476816e-01 1.022146453035065239e+00 6.177023656180290895e-03
-4.676769054215608179e-01 -7.737980094981035117e-01 1.350916345057799443e-02
5.016838758296006118e-01 -9.842544582813688159e-01 -2.780365041133031623e-02
9.600693344326907686e-02 -1.025059188384051412e+00 2.304773827016874665e-03
5.339929182594622681e-01 -9.920687066970523826e-01 -2.104450421789503395e-03
1.829374713046552359e-01 -1.016251181045400465e+00 1.543740807851890808e-02
-4.356893370308775326e-01 -7.497412728559761375e-01 1.090953109051376671e-02
5.620930326529449683e-01 -6.134524612365469531e-01 5.100900969431494507e-03
-4.216570414704915448e-01 -7.886717519169808011e-01 1.421804322733725631e-03
4.257895376192111780e-01 -1.022354022642717908e+00 -1.496036617703194391e-02
1.773498706277150672e-01 1.023898481362344404e+00 1.518345542422996908e-02
5.558333774834934848e-01 4.654023172087070614e-01 -1.107521030845015327e-03
-4.415418549222295819e-01 -3.100379300468901755e-01 -2.716550416503887844e-02
5.600298456155916593e-01 -4.525761260565649979e-01 3.038032024386494098e-02
5.743568211434845194e-01 5.358003448517274503e-01 -3.283013825033906374e-02
-4.301236816441509347e-01 -4.963640072691553051e-01 -1.517507366718850309e-02
-2.473986198706690787e-01 -9.769191897311785278e-01 -4.487025832908879408e-03
-4.074959297300875805e-01 -1.025443853290576079e+00 -1.864554762458331752e-02
2.675719052639697892e-01 -9.572320172122223969e-01 6.017556085867859991e-03
-4.197591743730710867e-01 1.062831425426084553e-01 3.590741251114648591e-02
-4.346688122539775767e-01 9.400498011806582843e-01 -8.998084457999717956e-03
-1.758019353339515534e-01 -9.594026035649506623e-01 7.944656294395996757e-03
-4.168367257778811674e-01 -4.433758303778120302e-01 1.318366995778750585e-02
5.296862136949268551e-01 4.677634566092699342e-01 1.115566950930341715e-02
3.532465440408731894e-01 -9.876755209824844561e-01 2.097722227191192376e-02
-4.416114620176457284e-01 5.243281080024710938e-01 1.073569858983360395e-02
3.716947654020129610e-01 1.008094518110737248e+00 -4.829483210182401731e-03
-4.109883402792007812e-01 -3.076933552568414942e-01 -2.219394030280667698e-03
-2.037695444522885369e-01 -9.710250338208797904e-01 -6.184932012543173721e-03
-4.300854710020402538e-01 3.441075924885211856e-01 5.779599927163659064e-03
1.658562887981360479e-01 -1.032511763102365920e+00 1.039068441482923419e-02
5.664987082104619986e-01 -8.931028631505235627e-01 3.530617756712459837e-02
7.648263611046400567e-02 9.667011296031289280e-01 -1.531647383440538999e-03
-4.266180208891911518e-01 6.837585420842243744e-01 -8.298570569292847143e-03
7.289483136174639000e-02 -1.023112256408905019e+00 -3.763758523757992566e-03
-4.267512535286255848e-01 -8.457667761603614165e-02 9.054500197937433853e-03
-4.219362423563396414e-01 -4.477274950939459930e-01 -8.095101315710617751e-03
-4.157827542258312192e-01 -7.583636069142701830e-01 -9.852451317828093622e-03
5.458772759509278316e-01 -1.159498237300570361e-01 -1.338523973907793270e-02
-3.946105814770937137e-01 -8.400401102240386830e-01 -2.932138090678872155e-02
-5.592512860867653729e-02 9.670521764243944496e-01 -4.017795429785610273e-02
2.262376535398379074e-02 -9.749026327504320966e-01 -1.407438143468229923e-02
-4.383371487754186835e-01 3.337327072068906331e-01 -8.111470494679180396e-03
2.019688827974733814e-01 9.983099698941225730e-01 -1.808035294805659249e-02
5.841377559673696096e-01 6.247882587336456295e-02 -4.182812885958596578e-03
4.052658527089952334e-01 1.002969411654497378e+00 3.001516280354997457e-02
5.822513535135586116e-01 -8.073056984768719468e-01 -1.204060988553570452e-02
3.134378925121747983e-01 -1.003960425510575849e+00 -7.124744809387287790e-03
3.736920599148969568e-01 -1.013268209392186092e+00 -2.119013638021137111e-02
-2.837764515959033673e-01 -1.045467905033457212e+00 2.136433891262408055e-02
4.106124198039894369e-01 -9.950765743980627409e-01 -1.442632117104992139e-02
4.804126587743324239e-01 -9.837676688144119108e-01 1.271369756224290104e-02
5.760632105470459008e-01 -7.100644854638044068e-01 6.372268222356755564e-04
-4.357284425162186170e-01 7.369306652328894147e-01 -9.686058204887479373e-03
4.887911893709160349e-01 -1.030566161349946386e+00 1.368869842758279167e-03
5.750988263532735845e-01 -2.680169648804794913e-01 -4.029884535299121072e-03
-1.394593428418570424e-01 1.005093948603658971e+00 -9.000339965795543795e-03
-8.091938955462386895e-02 9.959675949842362597e-01 4.080411019599842516e-03
5.749925016769359409e-01 2.513076730345009113e-01 2.715463918769184595e-02
2.933587334319953666e-01 -9.888006485129504641e-01 2.480300378228023073e-02
5.476757560384117873e-01 -5.420794615679443984e-01 4.340899601888246334e-03
-4.055987950720870150e-01 4.374904911207005420e-01 -2.314344838450655903e-02
5.703648327432376819e-01 3.038161463177077581e-01 -1.046836977226370778e-03
1.226959014649796897e-01 1.012527797786412442e+00 1.778776709975110268e-02
5.424227722002998853e-01 -6.463201425843826363e-03 7.619798375790377658e-03
-2.267157899029404733e-01 1.004601733829529442e+00 2.210085142067061068e-02
5.961574905787198064e-02 9.858535996159102366e-01 -2.145665900619284777e-02
5.571213120473577085e-01 -5.102966355791812431e-02 1.291890525280105229e-02
-4.207389765474782717e-01 7.726771705000946566e-01 2.541915103418800059e-02
-2.916840013317530955e-01 9.582508020217692657e-01 -6.203219172517606544e-02
-3.903772854622075683e-01 8.364104158617021723e-01 -1.310516546032060130e-03
-2.976423655827470927e-01 9.768661649691282589e-01 -6.189205127987824906e-03
2.765386991039475023e-02 1.017594833041983948e+00 1.243157508965014001e-02
-4.355598365841538699e-01 -9.728938108209618241e-01 -1.337456026271291974e-02
-4.543727490954624915e-01 -5.376056716774106903e-01 -1.672385396939497088e-02
2.133314249659836181e-01 -9.831467973318822606e-01 6.156362123589195594e-03
6.067768356405230934e-01 3.510478951735830910e-01 1.823722522257206075e-02
3.630786866869895047e-01 -9.889327760929492728e-01 -1.069261210274834520e-02
-4.057405982900273433e-01 -8.379313448970560074e-01 -2.394117740968110253e-02
8.407164288864221735e-02 1.018808188665498493e+00 1.191306473135072055e-02
3.226404193304296952e-01 -9.997587089549830885e-01 4.506401135999792314e-03
-3.270983382367136094e-03 -9.950050918901859331e-01 2.454849070530451538e-02
6.014282317641059805e-01 -8.083219319212560094e-01 -2.541295509069546599e-02
-4.334301936202974992e-01 -8.067336317900013487e-01 1.936554050686306247e-02
-9.841494886791694874e-02 -1.034658226800192704e+00 -2.673476893598689813e-02
-7.082324943828260944e-02 -1.004124879836638895e+00 3.830475967229845374e-02
4.589425000421953338e-01 9.769973710125359201e-01 3.652988670904538243e-02
5.884249077940405526e-01 -7.203806173156576675e-02 -2.384955233745033459e-02
-3.904905317881295079e-02 9.884391977950736097e-01 -7.488859932329486671e-03
5.585408657054488080e-01 5.953641821892277086e-01 8.104760544192998739e-03
-4.363725617806852308e-01 -3.586813737223061849e-01 1.253818929676884554e-02
-3.350786471743971012e-02 -9.949880970499188626e-01 1.670048455183876027e-02
-3.272360446005684320e-01 1.006373807628802020e+00 -5.031476672673691926e-03
8.556114677137213742e-02 9.829897875307749278e-01 -2.448202819877398281e-02
-4.104186175447429030e-01 5.444504719253809855e-01 7.681690721966010112e-03
2.023855710805597397e-01 9.923768669995628455e-01 1.084528865254492935e-02
5.844987299639420320e-01 -4.290848152332936150e-01 -5.679777556194523166e-03
5.850108262347902821e-01 -9.630615409895522117e-01 -2.142997062990919382e-02
5.761990166509822764e-01 -8.854371959287812288e-01 -2.684612043318800219e-03
3.970535032145636190e-01 9.990988225921942911e-01 4.006324193966619845e-02
6.085788429487016815e-01 -4.121133603348891561e-01 1.453919299705578976e-02
-1.116905245111673994e-01 1.012139660026338817e+00 2.717561033279050978e-02
5.546801418797416838e-01 9.712990111027887119e-01 -1.145827503772747433e-02
2.156238847541621095e-01 9.928580771257466964e-01 3.432388783613469444e-03
1.019722896562096082e-01 9.698249783140054925e-01 4.185406315699514296e-03
1.813009076107873485e-01 -9.802156520639098147e-01 -7.138067235951067822e-04
5.644185403965773506e-01 -4.413952142992120381e-03 1.033776682019759818e-03
-4.393010087757204807e-01 -1.297313278643988377e-01 5.670691684560976754e-03
-4.556536229393544080e-01 6.487337678072586655e-01 8.594517713567595071e-04
5.537927492548289088e-01 3.620045820800107950e-01 3.808366322362537193e-02
5.619449928261778249e-01 2.682980280693728070e-01 -2.228099312284195430e-02
-4.348994419568696923e-01 -4.639215273961417307e-01 -1.415498422532448022e-02
-2.096942872962108406e-01 -9.962019086332332130e-01 1.086891594901662206e-02
-4.339719315184319415e-01 5.528144613485545811e-02 -4.790007303936627374e-03
3.018350766970739341e-01 -1.012954481066459245e+00 2.614861439236980389e-02
-4.247891839816254622e-01 4.645417218099676809e-02 1.142942454771790975e-02
6.204535149898550150e-01 -5.965074939555737865e-01 5.445805071263546890e-03
-4.061473833467839634e-01 2.134597253037945896e-01 -1.397554383025193837e-02
-1.704397090837203033e-01 9.980824965998390530e-01 -2.458426817331488615e-02
-2.781073623058965757e-02 1.005333368797210802e+00 -1.915673088307206368e-02
5.672189750415922438e-01 7.989637345312702310e-01 -6.163170459602110643e-03
5.511621444726175767e-01 1.007774770116811380e+00 3.942597672044439311e-02
5.520132204288695776e-01 -7.528099264806555890e-01 1.722152415007556156e-02
5.931013192198951733e-01 -2.571371506642592397e-01 -2.080207286635590500e-02
-1.420643118825946627e-01 -1.011246511913105994e+00 1.438344044874483724e-02
5.764436030007678013e-01 -7.694244143244450829e-01 4.071282465164125820e-03
-4.146510342318723841e-01 7.976215819639485005e-01 3.379347112926255579e-03
5.169339434723677629e-01 8.851486715057930166e-01 2.818375665758664911e-02
1.338883680363411044e-01 1.003863406894976551e+00 -2.009210923057797721e-02
-2.837883826158460465e-01 -9.706882483944078155e-01 -1.719613925663265180e-02
-3.769651237746215466e-01 -1.021821403671266948e+00 -2.754703015468574611e-03
4.130979739597389067e-01 1.008546051520039954e+00 -1.021693912582296443e-02
-3.017953097400485896e-01 1.004159706338314972e+00 -2.091029864527854318e-02
5.583891521436188388e-01 -5.484608444896523771e-01 -1.811806764277028997e-02
-4.170407263977414236e-01 2.255756057059246367e-01 1.267835190293608791e-02
5.476560994577307495e-01 -1.014755876309968663e+00 -2.671224623959326302e-03
-1.025733394414305583e-01 1.002308629688492214e+00 -3.311325173386812926e-02
1.508105453765382908e-01 -1.020905080583151214e+00 -1.631402785716120490e-02
5.911882321654881034e-01 8.345181379061477056e-01 -1.184419594523440124e-02
2.918858786249040049e-01 9.853761306755495220e-01 2.284980997287903298e-02
4.532786899263744340e-01 9.900169231191909835e-01 2.267920363240330875e-02
4.495691318956795413e-01 -9.962061750691459938e-01 2.833804064205144510e-02
-4.116626565226396139e-01 2.377911434172476635e-01 2.719031862854993931e-02
2.797190826873219849e-01 -9.858047990673237670e-01 -1.899842662544304339e-02
5.596650862482841493e-01 4.801103312582648969e-02 -4.361988305469903515e-03
1.470565376659602186e-01 -1.007857751709191341e+00 2.040276640766688909e-02
2.317345344888571967e-01 1.008985139494048111e+00 -2.756594648757011452e-03
2.374347566739954118e-01 1.041901168081994289e+00 4.376752260614859801e-03
-4.003207401541199473e-01 9.356571012742861404e-01 -1.419415679456310225e-02
5.662021110631730858e-01 -3.136114262692774046e-01 -1.593303612952462825e-02
-3.165268174994327333e-01 -1.010390076098232504e+00 -1.522302725080950173e-02
5.617340915789588440e-02 -9.989342660429854082e-01 -8.903336328591594448e-03
5.627995844911989343e-01 3.250365260092454855e-01 -6.892335968846540623e-03
2.185037556200256637e-01 -1.007272327648929711e+00 -3.862050664646082820e-02
4.740279873196376892e-01 -1.026063346204232563e+00 1.851539988335708029e-02
3.664768143067324013e-01 1.038660410908415876e+00 -1.435274149536826076e-02
4.726635286618051657e-01 -1.011631051225800881e+00 8.374627815715180237e-03
-4.263926443474032046e-01 -1.624721409253422066e-01 7.548677595797155700e-03
-4.299839604449784969e-01 2.244646551449529515e-01 4.196916681595161402e-02
5.773062734510034932e-01 -8.643621989546972362e-01 4.399424685865457180e-03
4.417702279247271435e-01 1.009156188904671181e+00 -1.931765070467901524e-02
-4.255773690786021080e-01 -9.729007128989625164e-01 6.950118938684333308e-03
4.632071246708828194e-01 -9.823273045371582191e-01 -3.253029661816471407e-02
5.591891834503849301e-01 -6.970220305579052367e-01 -9.793972177014638805e-03
3.087464642215443159e-02 -9.804412633629663310e-01 -7.523824132287116294e-03
5.577565487558902024e-01 -9.458587119697198231e-02 1.930446016084795199e-02
1.029649596226275415e-01 -1.012769062748882565e+00 3.689785852979335281e-03
-2.026087492651613715e-03 -9.809127996691274776e-01 1.581612561626364807e-02
5.597617095780541563e-01 7.019601963206667516e-02 1.323331930468316271e-02
-4.319309373511687755e-01 -1.149522585441584838e-01 -7.610839672653647511e-03
1.374756466404206123e-01 1.003478514849467595e+00 -1.231590751595268603e-02
5.629855922453824713e-01 -1.001127938034776177e+00 -4.445122748740030182e-03
-4.018169002090607456e-01 -1.003524796571156452e+00 4.030644941583144680e-02
-4.233198717947337375e-01 7.779295855541956684e-02 1.143194005504242008e-02
-4.441496516557048024e-01 -7.343566069168940835e-01 -3.269159377576849775e-03
5.874971384147905651e-01 7.080343047280975854e-01 2.405111710949904991e-03
2.366405784553305969e-01 1.005173237911553663e+00 -1.169456877388626477e-02
-4.414646648488859682e-01 -4.791799869280986557e-01 1.141147497680334612e-02
-1.511988578450145226e-01 -1.050404239481709467e+00 4.262313519233310727e-02
4.414811679247648835e-01 9.916870739798607781e-01 -4.325560484980138509e-02
-4.526048040594484179e-01 -7.093503220345617200e-01 -2.599376242186160132e-02
5.398494905810634625e-01 3.043121068112493166e-01 -1.305528803542847609e-02
-4.198264297817175250e-02 -1.005388636617658538e+00 -1.940573540863909513e-02
3.328309808986052998e-01 9.911249397699594121e-01 3.281589345987270118e-02
5.857835043529344698e-01 7.716162497339331683e-01 -2.218914902720343571e-02
-1.329760826240348748e-01 -1.001178777882958393e+00 1.200876979817783186e-02
-4.180459913353709034e-01 4.478122518725327073e-01 -3.746161881696831886e-03
3.398252898688666201e-01 1.001364413791784314e+00 -6.017892410186263807e-03
3.540071328479693080e-01 9.980110072224119833e-01 5.764104773519206082e-03
-1.421577763767061686e+00 -1.398951087012267891e-02 -9.453636550434663111e-02
4.269067423558443597e-01 9.266285285743158795e-01 -9.520138366708381927e-02
1.561023058885000703e+00 2.449487429246345549e+00 3.435559816328856431e-02
-1.162882589127167687e+00 1.448327898277035786e+00 -3.401784722024370211e-02
7.088659271855497490e-01 -2.962603718371028538e+00 5.900022252907183296e-02
-8.008935664866102533e-01 -1.624748651463793214e+00 -2.415108577364033504e-02
2.463726415544187365e-01 -1.799588534739536616e+00 5.949025776225080886e-02
-1.299973843374844229e+00 7.008701301520092741e-01 -7.652997373010904381e-02
-2.655670922372814768e-01 -2.714091733329017764e+00 -9.344431498182043105e-02
1.202483258904739616e+00 -2.161890589507110771e+00 -2.800243513497363557e-03
-1.160315470904415225e+00 -1.919164102269483640e+00 1.395328351509035614e-02
-9.078183916063580217e-01 -2.755177994469835578e+00 -2.630822722063988484e-02
6.419422596478019383e-01 6.890378008660658082e-01 -1.169075991212456533e-02
-4.165563300407515435e-02 -2.355194556053211485e+00 2.689168740503145028e-02
9.872066529735554763e-01 1.027767895240433660e+00 -2.757832184977725143e-02
-2.213356701199615806e-01 5.672192155775652722e-01 -6.258206354645384772e-03
-1.346621492992613245e+00 -5.336583789267979050e-01 7.376904734998543378e-02
1.529482710165652515e+00 4.375842471186031091e-02 1.086743423527376795e-02
-8.846569870664887647e-01 1.795765341845941165e+00 -1.956091865201976809e-02
8.024628614935938042e-01 -1.170063599046207159e-01 -1.411127308384432788e-02
