1.470195577221840647e-02 1.031225592317818185e+00 -1.337323838675888443e-02
5.900540832259590918e-01 -1.972286860607419534e-01 3.779976025673310175e-02
-4.091513314850012129e-01 6.196399138086784442e-01 5.332564765367238911e-03
6.446865991222073822e-01 -1.028901916134771777e-01 -1.395179772244097526e-02
-3.695789975475892164e-01 -9.767019433732312406e-01 5.802969605499975515e-03
5.557088042173573550e-01 2.482314683401578848e-01 -4.863404683621371308e-03
-3.992840980459293476e-01 1.234256442743053156e-01 -1.952524945869207537e-02
-3.835229760836806889e-01 -4.397062695530175591e-01 3.871139400509786971e-02
5.074603773103224524e-01 -9.911995975950523841e-01 4.744413797745717851e-03
7.002020521340610038e-02 -9.803479477843741741e-01 -3.296935611415639789e-02
4.764206940523639799e-01 1.004922879633036059e+00 -3.298942964678575757e-03
5.368961727925085636e-01 1.000397901148417201e+00 2.144829219756078445e-02
5.870796019138782018e-01 -8.080722272096908798e-02 -2.517851548948247739e-02
6.435038698421475800e-01 -3.176935602125507407e-01 -1.163449722656927608e-02
2.808901422452405594e-01 9.816222312227333990e-01 1.500518509149116261e-03
-3.390758998886503339e-01 9.597811570067067422e-01 7.252404791051591040e-03
-4.154067622016218708e-01 1.001695256058554584e+00 -3.741255731959965049e-03
-1.977941294065586331e-01 -9.727212332066788036e-01 -1.329628338431345508e-02
-3.794524431149758903e-01 7.930397484917585116e-01 6.910723982169729787e-03
5.822703740399659544e-01 4.573432777286637885e-01 -1.322328863842858748e-02
4.611512429026899396e-01 -9.818024478212220574e-01 1.682445006943473695e-02
4.088967379184670903e-01 9.499724960150134345e-01 -1.623224544690539742e-02
4.780142822179636597e-01 -1.003740037344254210e+00 7.367117376614606972e-03
-2.701219732967556353e-01 9.662337058961890657e-01 -1.351599136163478265e-02
-2.762524779429806343e-01 1.004747337491795678e+00 4.595951567928757003e-03
4.356284621072258889e-01 1.000765126393491578e+00 -2.019625743530174648e-03
-3.877564760651163733e-01 -5.896950630482734601e-01 -7.366989525628256201e-03
-3.560648352910452119e-01 2.756962249210206939e-01 2.942693919558501611e-02
-4.018433099446116485e-01 7.533257220966683709e-01 -7.677511000077725731e-03
6.298919522081221078e-01 2.102704129846323100e-01 7.938533036320317635e-03
6.314197679704864896e-01 -5.333519019321825150e-01 1.025931524105012059e-02
2.043943444723048120e-02 9.978854893347901545e-01 -2.092966698704921275e-02
6.001873314994071729e-01 -5.987435289682458972e-01 3.219068930778909432e-02
-3.743932109786975992e-01 3.088205068974069767e-01 -1.200599870731610189e-03
6.060847749463121881e-01 -2.482651417881650835e-01 -4.117483841819034179e-02
2.758195485950070136e-01 -9.629172565551347152e-01 -4.794621477700612699e-02
-2.362256321042945084e-02 -1.003323578957542761e+00 1.466487312474604177e-02
-4.171842900903107720e-01 -1.421582166936774527e-01 -1.685790508587334605e-02
1.514194564850665226e-01 1.009600793538563357e+00 1.343047384576913708e-02
5.263474196067689792e-02 1.024346040165590610e+00 1.800009794711697822e-02
6.165283669150117829e-01 -5.455874994558729263e-02 -7.344014372397816848e-03
-3.650397985448314842e-01 -9.763366131599741093e-01 -8.598238617102318265e-04
5.090444681044919983e-01 -1.023671019299325913e+00 -4.850387268791307195e-03
6.202869603130727327e-01 4.905979905362025523e-02 -4.325060077361327776e-02
5.549016112061360140e-01 -1.015328167678670068e+00 -6.804499425371320076e-03
4.216012189124129228e-01 1.007959443531223576e+00 3.215257061031123742e-02
-2.556641674249801599e-01 -9.746367879228161613e-01 -1.535620230108065802e-02
6.212575592464482099e-01 -9.998452518018356994e-01 2.255527184632399179e-02
6.292007631113020194e-01 4.572482163259648513e-01 -6.242260126047826166e-03
-1.929231182927941268e-01 -9.927773044162319094e-01 7.407215614795682225e-03
-3.776003381840752349e-01 6.288165505944828260e-01 1.547252772050939675e-02
5.364805933084991763e-01 -1.021206939868754660e+00 -2.168744787542060612e-02
6.376985925373307440e-01 6.472700815024839960e-01 -4.939926567584846826e-04
6.234927364926482474e-01 -2.822848120727718124e-02 -1.877069324436128964e-02
-4.224726839074767204e-01 9.913943407537629815e-01 2.839232738606662070e-03
-2.895158836581411821e-01 -9.702185760092690847e-01 2.232800544038831408e-02
-1.086552784919498915e-01 1.016729974093326661e+00 -2.776608813692604816e-02
6.196987476090805025e-01 9.156789393599942262e-01 -2.373846012129659025e-02
-3.653381780065373396e-01 -1.012478295920124616e+00 -2.482623181279612189e-03
3.917987211821173377e-01 -1.004112203058562525e+00 3.557612710412833001e-02
6.103247701205224418e-01 4.436752769067049962e-01 8.929685654660100141e-03
-1.537020973416711733e-01 -9.720431459739520275e-01 5.599522122510172152e-03
2.659718460519094885e-01 1.027581281146036307e+00 3.196280202556030237e-02
1.235700207344339607e-01 -1.005575327411749598e+00 -4.094747834768222138e-04
-3.983119671615259483e-01 4.170265564218352816e-01 1.263802306746823756e-02
5.819186182630935456e-01 -7.516738322068809985e-01 1.322845752553526710e-02
1.929265956175009455e-01 -1.019821811008581269e+00 -3.792260377331929666e-02
-4.120145162043788445e-01 -5.073717312368475341e-01 1.755551439079959877e-02
-3.929169978415389952e-01 -7.885560879771412734e-01 1.398795302487844394e-02
-4.204969849191789733e-01 5.192593523330848448e-01 -1.096407590367642904e-02
-4.149633205818929055e-02 9.917237227121606935e-01 1.971993644366445281e-02
-3.904322527413576771e-01 -6.564091353426950715e-01 -6.946396069624920927e-03
-3.826682284837007453e-01 -5.143387578219084100e-01 3.468789212265069311e-02
3.371013395878209584e-01 -9.877904349518303873e-01 -8.510823396054346696e-04
6.009179207929042921e-01 -6.949005582879762555e-01 -5.077847117114964344e-03
2.989426771396043736e-01 1.011136806159761869e+00 -2.984221610299524555e-02
-3.864691590114449071e-01 -3.800518926886317095e-01 -2.065266537506202024e-02
-5.933312228516203490e-02 -9.909893249885762812e-01 -1.832817035254621571e-02
5.839008581748018623e-01 4.993430274307906758e-01 1.320573836602099461e-02
-3.899127827854764750e-01 -5.988033913595276481e-01 4.224120265811809349e-04
-2.262071474181762964e-01 -1.029176675294157572e+00 1.369979033338740437e-02
-4.053408603994109738e-01 -8.565796003033648853e-01 -9.345373286352032932e-03
5.675858734327885458e-01 -8.728603814755330204e-01 3.046134277274769805e-02
-1.110633431871247828e-01 9.987337358693341161e-01 -2.233758562518331492e-02
5.959674659205437264e-01 -3.456173858572330060e-01 1.748169085002441222e-03
-3.588540492395452808e-01 -6.134091464808301142e-01 -6.603746693297698513e-03
6.410253535160981286e-01 6.795600593566312186e-01 3.274039999319927619e-02
5.902023575000088229e-01 -1.017621520904631538e+00 -1.008389895588608642e-02
-1.301080197179841635e-01 -9.804435520352658973e-01 1.679457247287593005e-02
-2.264283012474472556e-01 1.036783256129661712e+00 -1.114799735621323229e-02
-3.675428958813502511e-01 2.861913616631078794e-01 -6.065968520930800634e-02
-3.544866913863678470e-01 9.907010782047935837e-01 4.891742591598532454e-03
-3.618599237891116371e-01 -5.233109643221206531e-01 4.422096661700127343e-03
-3.864814751758522404e-01 7.237555193374074491e-01 -1.278685118514385263e-03
5.595240789864681652e-01 9.735625380547167085e-01 1.725932334626750428e-02
-4.281111439481664060e-01 3.275521889023169653e-01 -1.455574813772611727e-02
1.026390568953674809e-01 1.005724828126197012e+00 -3.084841609790718933e-02
3.224712103692917720e-01 1.020300970822607400e+00 -5.287850720307996598e-03
-1.852250165839211260e-01 -1.005548022088796012e+00 5.302189212804277879e-02
-3.956630593909460369e-01 8.652599434518359889e-01 2.170160401574140752e-02
-5.018084680508177325e-02 9.824886766211687883e-01 2.208955446081936266e-02
-3.733134739581389083e-01 -8.210693880068250516e-01 1.545890984494184203e-02
6.048948181674927982e-01 4.458180151293762994e-01 2.627461564694620610e-02
1.810770380989619455e-01 9.914853834400507715e-01 -1.774852745902635864e-02
-3.409373663895497453e-01 9.777429761735698666e-01 1.078693716905683832e-03
-3.899194472669339495e-01 5.555243208925186860e-01 1.564099812719159724e-02
-3.682699043902328273e-01 -6.661610601731728920e-01 8.028935250311961327e-03
3.263634339223469572e-01 1.010124527635842151e+00 2.697248373118054971e-04
3.179284187014432272e-01 -9.875213428736642207e-01 -1.952997736148892605e-02
6.003787851210236060e-01 -8.100845050381891843e-01 2.122258422445765652e-02
6.095527973104386543e-01 8.969953208382641652e-02 -2.394060004601580513e-02
4.681148361272600700e-01 -1.009478155386765552e+00 -6.940620090426270631e-04
-4.175070382057071150e-01 3.610944010167608798e-01 -4.760223186086938452e-03
-1.244494218590743995e-01 -9.810725536899357335e-01 5.149487999195069251e-04
9.827268340700882898e-02 -1.002801537590829462e+00 4.824149494364823876e-02
-3.595711328409870733e-01 2.657357927864771319e-01 -1.952135741235296387e-02
-4.094406984988430837e-02 -1.009401345507911607e+00 -2.815545046129488971e-02
6.352425509905554879e-01 1.196485019273528655e-01 2.828666454809923222e-02
-2.735122602465505093e-01 1.025013769759190785e+00 1.101116109136940531e-02
6.369908020485092193e-01 6.040620652322284956e-01 1.422194373146962870e-02
-2.965352948108007092e-01 -1.003964798489971333e+00 -1.051771235738530041e-02
-4.363293286374037017e-01 3.020788733179188834e-01 2.982072729700776734e-02
-1.643321395853621081e-01 1.024204166677238570e+00 3.255560618285411462e-02
2.594965809209487037e-03 1.034597513945206160e+00 -9.956525251207840044e-03
1.719114534569584629e-01 -9.903275972748143419e-01 -2.598264164695851444e-03
-3.958139661430745138e-01 -5.029774580960141295e-01 -2.239627497218455322e-03
-1.784893609413505666e-01 -1.031732646435647993e+00 2.413972537562534409e-02
1.913065088181218343e-01 9.933630650066073153e-01 -3.928779595791916102e-03
6.281974495901063715e-01 -3.184696817671024416e-01 1.247649302113296166e-02
-3.470916277842732711e-01 1.013320495203236637e+00 2.759706241867878121e-02
-3.761144760224670036e-01 -3.778313786384616957e-02 -2.412910782843753418e-02
4.993087691980223619e-01 -1.018391978956696198e+00 -2.270314116711031824e-02
-4.081633221715098570e-01 -5.081899122346317937e-02 -1.398754762080649944e-02
-4.271609306469912881e-01 -4.736213361144733791e-01 -1.558847995253823939e-03
6.412777794440875923e-01 1.203081354209953463e-01 1.923669131812926966e-02
1.640057513134087208e-01 1.021210765735882209e+00 3.759754157168343491e-02
7.102028281352545935e-02 -9.934915686321681427e-01 1.036705797844920431e-02
-5.338292082911146041e-02 -1.028132484367874744e+00 -1.085037895244986110e-02
-1.600624795754789775e-01 -9.923456085102938529e-01 2.977589076789054212e-02
3.213486379073425825e-01 -1.004696955719440066e+00 3.112790460053335099e-03
5.254941900903286056e-01 9.669813026637976705e-01 -1.295018351569655370e-02
2.047665212655708222e-01 1.010075028622479554e+00 -2.029699371571107996e-02
6.375385961502988419e-01 9.516673785033361588e-01 -3.496582967834409306e-02
-4.039729594490949482e-01 -3.981038398912353227e-01 7.804343788497083642e-03
-4.003023764324506462e-01 7.328626632471016977e-01 -3.972965600055381602e-02
-3.790236992414248718e-01 -7.058068647904013337e-01 7.891887497466892540e-03
4.395831371407072363e-01 -9.492657748795858552e-01 -1.082863172312080978e-02
-2.655356024405005622e-01 1.002384056747355423e+00 -2.324626006744055437e-02
-3.485303995164398816e-01 -9.957255316408450962e-01 -1.482823288903225081e-02
-2.107772356921689544e-02 9.879333691246703353e-01 1.114699567759636946e-02
7.594217071250754236e-02 -9.918387384784712602e-01 1.768870899883216198e-03
4.455224897607314438e-01 -9.927008197018684088e-01 -8.644965650087009512e-03
2.909312156300641883e-01 -9.563060280011058678e-01 -7.127178123896999937e-03
-3.961023630508285764e-01 -2.808679606972403486e-01 5.105816746566765874e-02
-3.387143874570985314e-01 -9.795280078925427958e-01 3.344009915689447054e-02
-4.114853388880404528e-01 5.620625110460142349e-01 -8.707185242056181620e-03
2.533894344955786582e-01 -9.772815242057724117e-01 -2.760685742102607799e-03
-3.821616665027310900e-01 9.785487126876608599e-01 -1.419822128475111789e-04
-4.274332104432829182e-01 1.032347163715858551e+00 -4.302689473227428764e-03
6.204551681182947087e-01 9.337312911219967093e-01 -8.588447906237599641e-03
4.955324259595337844e-01 1.045293935642164662e+00 -5.789884990352942365e-03
-2.982649636244488756e-01 9.922590559574873126e-01 -5.882641122546120906e-04
6.005744212313218755e-01 -7.475770251776384656e-01 -1.184369702115139686e-02
5.826905079194324433e-01 -1.032552293267506194e+00 1.463197952640961190e-02
-2.474759846566577104e-01 -9.714687151303087465e-01 -1.585154057405892963e-02
3.302212954704380476e-01 9.901204733946292746e-01 -4.029448807903996885e-03
4.127364966791108869e-01 -1.029680750126836797e+00 -1.772551721803769867e-02
6.586732142102108556e-02 9.529795486788764647e-01 8.629770570090426404e-03
-1.758867741857650935e-01 -9.988158542562075581e-01 3.671148880726892404e-03
5.925036707956442550e-01 -4.175852223203592728e-01 -4.129591134787859857e-03
4.354859657939953999e-01 9.900667556056891305e-01 -1.263944750819439959e-02
6.215417476049279744e-01 -5.272660896398350117e-01 -6.612777985673580321e-03
-1.931724460294935164e-01 1.003594636420649611e+00 1.036989716852143410e-02
6.097766136768987266e-01 4.893991328899316429e-01 5.272721658629252184e-02
4.604589873414655782e-02 9.772564792685802804e-01 6.789499756823210927e-03
2.527834560306417844e-01 -1.020146743848866500e+00 -5.018528248367129345e-03
5.835375133033497974e-01 -1.388162171342172124e-01 2.970601264834920718e-03
5.843593191406486476e-01 -7.815373645006677972e-01 -7.767576057439146316e-03
-3.854512077547431192e-01 1.000667213888903229e+00 2.364648352484785207e-02
-3.654891957769662025e-01 -1.826918929975874517e-01 -1.721927907317279084e-03
-3.768925233317073076e-01 5.537612598260976959e-01 4.320113587069904920e-02
-3.629368633347452855e-01 -9.102170039498119758e-01 -2.097337312517918301e-02
-9.858665796212122412e-02 1.001842863612140144e+00 4.393360462409800354e-03
-4.007319626045261485e-01 3.842335984589823616e-01 -1.747147310739811943e-02
3.906101080884163412e-01 1.012695634698510094e+00 -9.653196063514722300e-03
-3.668079423908891523e-01 -8.378826365873077719e-01 -7.907195959571086327e-03
6.288660103974539339e-01 7.979345514035626752e-02 -1.877190871845834871e-02
5.899328957674694340e-01 -3.220246674730930514e-01 1.926639909358332514e-03
-4.151827274012127589e-01 7.567743232029030542e-01 2.982362117988145156e-02
-2.938210480216993936e-01 9.882054872198041684e-01 1.319319244066012933e-02
-4.153672523539527206e-01 9.914972899102459936e-01 -1.231652590239408311e-02
6.203647818445959805e-01 -3.034431110856651848e-01 1.156508772080821687e-02
-3.488117268888553668e-01 5.893076773656507061e-01 3.930961716798536676e-02
2.953055394257812494e-01 -9.664435405424995906e-01 1.769015558644396191e-02
1.137344779599067657e-01 9.772975015686928835e-01 5.511911267630807687e-03
-3.933451141014395191e-01 7.343610134993544536e-01 2.398000607617137639e-02
-3.938999376860187751e-01 -1.828790997296820819e-01 -1.642425432960208358e-03
6.261026551666005746e-01 5.867356205840161820e-01 2.360022981713272121e-03
-2.095417320723797494e-01 -1.002282172044495878e+00 4.908220407181246303e-02
6.227529576987844706e-01 -7.022141123157875642e-01 1.342335716638191727e-02
1.305406660684087949e+00 -2.284670893770730515e+00 7.108697592411922228e-02
-5.038256871181879815e-01 1.939051078804729045e+00 -3.816278905804881827e-02
-5.752071435598679061e-01 -2.571368338306134760e-01 -3.816225648419047101e-02
-2.457889369487893383e-01 -2.898596818486542492e+00 4.166816415778690219e-02
1.327110032434456244e+00 1.521376936465289376e+00 -3.625343577009143559e-02
1.168238424266307085e+00 -1.477209680147292925e+00 1.810080041744513424e-02
9.822739323254441324e-01 4.627859277363182144e-01 9.710378623506596418e-02
-1.326197089379159699e+00 -1.037192930942179903e+00 1.644251082971490141e-02
4.953626956810439630e-01 2.856369367777904067e+00 7.599233465390256570e-02
7.308022460520322561e-01 2.928744856920150852e+00 -5.270878465196702362e-02
-7.157565125372432613e-01 -2.676993829307328099e-02 8.082419144184052606e-02
1.416426701768129792e+00 -5.713433570969668196e-01 -8.181584563161647949e-03
-2.632170786951086860e-01 -4.834144860256723852e-01 6.139367355430588868e-02
-4.161997968758596178e-01 2.862143485872907789e-01 -2.221306497713168571e-03
-1.251183008009085551e+00 1.121780151926189184e+00 -9.787339462602273610e-02
-2.342936755744795541e-01 2.773018044221610801e+00 3.942478405716140499e-02
-1.214109475836158580e+00 3.159424208937502421e-01 -1.121130937886846701e-02
-1.977779281356033536e-01 1.838269649643219594e+00 -2.363875515852176257e-02
-1.275966041820573160e+00 6.998054662205577259e-01 3.085454126930481378e-02
-3.308074387607675693e-01 -1.929035018743508356e+00 4.055747306652962569e-02
