3.960194472975803182e-01 -1.008435081022075464e+00 -1.850578001765328801e-02
-3.956889213920544712e-01 7.334573520891977116e-01 7.628600440365436094e-03
-2.003153551446473224e-01 9.983520475369727087e-01 1.584078952073516428e-02
2.028989686583816954e-01 9.852710895364249488e-01 2.193034219983035910e-02
-2.186617225005846599e-01 9.509709519444567993e-01 -4.368577102230149049e-03
-3.593287985584749933e-01 1.019117794662906862e+00 1.420294232474651926e-02
6.175911663121097517e-01 2.584092085591054300e-01 -1.835482157593748900e-02
6.094428611906977933e-01 5.915845311913108251e-01 -1.645541096331602782e-02
2.144426801476378430e-01 9.758177054618499824e-01 1.004349187325990003e-02
6.057238932372522866e-01 -2.137515497987649837e-01 6.207344863458980587e-03
5.917928298008069410e-01 -9.323240988559577946e-01 -9.166881137585184552e-03
-3.977438175939609910e-01 2.369955595334837239e-01 -4.660616102668776496e-03
4.209569293089142072e-01 9.890535406000026120e-01 -2.588842565238460083e-02
-3.832981702174957372e-01 -1.013128446655843673e+00 2.103001829249998358e-02
6.235980379598704548e-01 -3.540053785242020523e-01 3.772171092332318384e-03
-3.507208565754645346e-01 9.974287481378535380e-01 9.277685205621690606e-03
-3.812360941925260205e-01 5.514618439754436219e-01 2.895484054147574263e-03
4.531626396502410614e-01 1.009714761695928775e+00 3.188370154614107027e-02
5.114607956508760989e-01 1.039369377015723961e+00 -3.165992572202847456e-03
-4.000745988219720495e-01 -5.808436426127019381e-01 3.314057478440323844e-03
-4.061524550422259683e-01 -3.413361025050643538e-01 -6.556129049271976206e-03
2.382498684182414450e-01 -9.916320946720117435e-01 -1.700064109136397578e-02
3.580605407554293129e-01 1.018842405463410872e+00 1.123179920987978433e-02
1.666764692790616287e-01 1.038310562865532916e+00 3.250547912866814937e-02
9.250664243806956677e-02 -9.624225578268110759e-01 -1.584206235682748820e-02
2.027722737632249306e-01 9.908058127658533332e-01 -1.067801515199719338e-02
-6.825352377882329402e-02 -1.001844241228665444e+00 -5.237719054066597608e-03
-4.188939647792385146e-01 2.808370101395393226e-01 -2.009648587349286124e-03
-4.371564165032257865e-01 7.829653206980768942e-01 1.564373362469755058e-02
-3.911046380663651956e-01 1.010766535500961405e+00 -8.510129226238137773e-04
4.570897490182463940e-01 -1.025231708631441974e+00 1.874036577737380957e-02
5.823251381035743357e-01 1.000139096428100283e+00 2.095649592429977420e-02
-3.310597691659065978e-02 9.816009051314465994e-01 2.490381194681800386e-02
-3.798780742749279793e-01 -6.319246596114554970e-01 -5.859017278865718062e-03
5.882261231430664372e-01 9.945947392086313954e-01 1.975258314545689717e-02
6.165651745187150645e-01 -4.334407499067092218e-01 1.654326245009648394e-02
6.309375157251072563e-01 -4.700733059422335658e-01 -6.880183240605649772e-03
-1.283864113061619905e-01 1.015630774501338207e+00 5.017337588975993162e-03
6.094384931872028899e-01 -4.799083659274145930e-01 -8.070373279456487942e-03
-3.987830389883178506e-01 -6.770002895628005612e-01 -1.354586772439574441e-02
-1.906297639291408275e-01 9.776484132427636364e-01 -1.479487373121134500e-04
-3.726390733800765687e-01 3.353598089753016542e-01 -1.178733563728322220e-02
-3.055490278864607667e-01 -9.873914192257550182e-01 8.692151641031081039e-03
6.235426725415248450e-01 4.824445613467297500e-01 1.713638198772996987e-02
2.694000484403076268e-01 9.650956772505676629e-01 5.175545975004824939e-02
6.230480732015720724e-01 6.398247646176764558e-01 1.652362130971382972e-02
4.690074560243832069e-01 1.018124294699524146e+00 2.607789216172587215e-04
5.093932276306968321e-01 9.935859428196046617e-01 -2.386143704925398554e-02
4.611824737515003436e-01 -9.717138613648447221e-01 8.285697115069035751e-03
3.562749117114477615e-01 -1.021103403239922658e+00 1.021388352082981503e-02
-1.155815598635783759e-01 -9.869989544075106203e-01 1.583153025765341587e-02
1.475365627065669538e-01 1.024117664121990456e+00 -7.397861101450611300e-03
-4.043174631199302760e-01 1.020461129453567706e+00 -1.948741836936224506e-02
6.105670170223975735e-01 9.867859628419831663e-01 -4.069519469460543531e-04
-4.065028280898819180e-01 6.817999052709829977e-01 -1.801509481863378115e-02
-4.221615827378160102e-01 -9.255276919350676756e-01 -4.344623974850733705e-03
1.653610423759091508e-01 -9.996119506715691605e-01 4.976780051948637325e-03
-6.689561348390375695e-02 -1.011003293982501550e+00 9.047000062599922995e-03
-3.954803823687733644e-01 -6.996314569974648734e-01 2.099522947108148352e-02
5.793866651542102231e-01 -2.791682199499613826e-01 -2.165869635389711806e-02
-3.831093568128721150e-01 -2.051147813688677379e-01 2.603589102206611480e-02
2.782195060524397245e-01 -1.013556290339348021e+00 -3.390672064259075968e-02
-4.188715601393134813e-01 9.499972577518799033e-02 5.123570145372036144e-02
-3.755215504865200837e-01 -1.020055252876870711e+00 4.138422155117126022e-02
-2.291731367884408399e-01 -1.006487811005251309e+00 -1.806553382631536850e-02
-3.791441091285568388e-01 -2.589088045161915819e-01 1.578947508550180429e-02
1.264586004552603893e-01 -1.042151471287690478e+00 -2.161531611653975254e-02
-1.208906168596482339e-01 9.584188034766492059e-01 3.122333799238914340e-02
-3.947338843222226723e-01 -1.584013760842453711e-01 -2.623504641958724140e-02
-4.235068188228288677e-01 1.765425730901190315e-01 2.920465360214818604e-03
5.883082596466018277e-01 3.930987313674572659e-01 -7.442885309347299291e-03
3.404392800527988872e-01 9.735443915835247930e-01 -3.783190103872572513e-03
-4.207832424451873332e-01 -7.697183476937816682e-01 2.809320245020190121e-02
6.203066092801458042e-01 3.385330509654259634e-01 -5.910418882747784340e-03
-2.669038746365209325e-01 -1.020580089648481570e+00 -1.564101209754491370e-03
8.715742649082668103e-02 -9.780262242247764748e-01 -7.450652647162444610e-03
-4.105408296075970798e-01 5.764459309128108222e-01 4.357546667605838135e-03
-1.637759659997055084e-01 -1.038251368087760529e+00 -1.708328713391084113e-03
5.093356211575914561e-01 1.029551528297926843e+00 -1.091266467663327099e-02
1.830107334499044835e-01 -9.644691325135861248e-01 3.747422979190875164e-02
2.049653690597009470e-01 -9.479192048022668793e-01 -2.649764754956234619e-02
6.097610240657547198e-01 -2.175405413471770411e-02 -1.778672588386777040e-02
5.068632470166122284e-01 -9.719226320851083178e-01 -3.327550777259023068e-02
5.729496043541252304e-01 8.963731914696285163e-02 1.629949103285063122e-03
5.709438580931200935e-01 3.146955534261754450e-01 -1.776308679322555206e-02
-4.241000703238444469e-01 -5.726824171763508220e-01 7.140342213649180422e-04
6.261469153135716947e-01 7.758611836296804842e-01 -4.064950493768064096e-03
2.295763956155920382e-01 -9.958376809138878016e-01 1.109752165650235850e-02
2.918410903605085302e-02 1.020845259522140003e+00 2.640508112531282647e-02
-1.040837964001781468e-01 -9.743409771831250676e-01 9.757647503075190382e-03
-3.978526920503457354e-01 -8.944706438952908512e-01 -2.937785799706377557e-02
-3.817173151209173332e-01 1.007784571938462825e+00 1.737175031084529919e-02
3.415560588591863289e-01 9.821715962738437611e-01 -8.225961708322038560e-03
-6.332971639202084058e-02 9.989291086937969188e-01 9.908575548854976420e-03
-1.648757110406660342e-01 -1.015958435851196384e+00 -1.069038838909645329e-02
6.272542128114897420e-01 -9.715156713202240946e-01 -2.723453370451252645e-02
-3.849807457829179658e-01 -1.130889546856683470e-01 -3.445054210164025937e-02
6.302102551075527970e-01 -1.407978578041824969e-01 -2.742654342658000250e-03
-3.910795419265165052e-01 7.185970472843736245e-02 -1.821186057354436810e-02
-1.750862458374656538e-01 -9.854115605140233436e-01 -3.039408346323779417e-02
6.229342787073223198e-01 -7.641146319388967267e-01 -1.062508831765734615e-02
5.908343834747945555e-01 5.365748174017361816e-01 1.693934483643209921e-02
5.841124628044420675e-01 -6.565209273081801244e-01 -2.636760918595761061e-02
-3.784681368198511420e-01 4.062388992577077862e-01 -7.440561975359853697e-03
3.960175931588424403e-01 1.015832906876649400e+00 3.127107201753390967e-03
6.339159584743453424e-02 1.013886937557637591e+00 -2.679781358081245735e-02
-2.444324941091559344e-01 1.023485554571647027e+00 -1.624715362205529298e-02
-3.640149632510951139e-01 3.802542795082258231e-01 2.582454379015806586e-02
-2.691351971534952092e-01 9.914135910054284739e-01 -2.685798923030459362e-02
-3.721579460836414444e-01 -4.909392161587845527e-01 -2.643673753282026195e-02
-4.265189170034119903e-01 -9.548528446766704758e-02 -1.341414027214145842e-03
-3.922247293574888105e-01 -9.266436751495461532e-01 -1.197364667564702542e-02
6.227767834975165284e-01 2.216803049454844909e-01 -2.289501566778593886e-02
-4.982117355807751807e-02 -9.680833300732381019e-01 2.777727004158854138e-02
2.755803117993977924e-01 -9.896036271611434731e-01 2.261056796977773536e-02
5.959776028757173272e-01 7.742705663120820203e-01 5.185841720167498614e-03
4.645849797795347236e-01 -1.004483993426333877e+00 3.645360908047513837e-02
1.833120162090243199e-01 1.003580323268397301e+00 4.054946130484879396e-02
5.655263239653873786e-01 -6.332472916199529678e-01 -1.962534641941468885e-02
-4.033222780691017584e-01 -8.277847964035934814e-01 2.345763696636726792e-02
1.590713747787989574e-01 9.861670495776830858e-01 1.341578791492710476e-02
-3.821652259892703296e-01 4.423996422925653982e-01 -2.381148893196037217e-02
-3.598460709815523573e-01 -2.069175971492277777e-02 1.940397654277332268e-02
1.016577006234720276e-01 -1.020882125025135645e+00 -6.240778285302140196e-03
5.575676444718669078e-02 -1.009153272035415716e+00 2.868723775060341707e-02
6.191284179559013445e-01 3.555179317815037043e-01 -8.662661350023500087e-03
-4.095784535384608960e-01 -4.130543736919484177e-01 5.529574596510992285e-03
5.839994234618616220e-01 1.071249171823565605e-03 2.284899497511199556e-02
5.476900164828725215e-01 -1.035421404279233126e+00 9.127397953762486291e-03
5.990558012593610870e-01 -7.920580621491390971e-01 -2.011192422843466332e-02
2.166731247388153647e-01 1.000146472884358984e+00 1.500634083645244372e-02
2.750443409104976755e-01 -9.849258260317003133e-01 -2.798792443659980575e-02
6.061020972941857377e-01 5.537039177018650005e-01 1.024581325528048543e-02
5.395227354661157326e-01 -1.008847265995079345e+00 -5.750500875216370267e-03
5.928525208190097429e-01 -3.392215106051101325e-01 -2.383626939664154273e-02
-3.849875947447298774e-01 -8.927846615536593200e-01 -5.779452628888288260e-04
6.888617938612004443e-02 -9.429562079707223266e-01 4.027434686880525250e-02
6.288179871663835963e-01 -4.657782828097675742e-01 -2.978127178445434328e-02
1.916662722127131513e-01 1.027128291401983029e+00 -9.875021629644516587e-05
-3.966198336357604215e-01 2.661538638248857058e-01 -1.469874825462129733e-02
-3.029492821816153758e-01 -1.032508024489163567e+00 -1.181319459623732249e-02
-4.074823428965168581e-01 -4.764677771075542245e-01 -9.426486956696757818e-03
6.198655791858499464e-01 -2.667551507127957633e-01 -8.170548848743743389e-03
-1.414774159486157368e-01 1.015038193926783405e+00 9.995061971360184525e-03
4.477498342303833367e-01 -9.742393911703206566e-01 1.197000871092507475e-02
5.476788169089497060e-02 9.524890707488322672e-01 1.704303049410731477e-02
5.779323964813932735e-01 1.554342461166387246e-01 1.665725936603622628e-03
5.887533662730718431e-01 5.770048517355876871e-01 6.880595750048160500e-03
2.940695680006003565e-01 -1.012712182080733214e+00 -3.583248403894730410e-03
-2.818075797675542379e-02 -1.014007659935235228e+00 7.939120683257616315e-03
-4.210124231573637021e-01 1.962605607442846345e-01 9.664022877984434915e-04
6.240714539229078595e-01 3.225402377765492212e-01 -1.936520662499046025e-03
-3.869800382551096818e-01 4.564036796490250070e-01 -1.234831361542683761e-02
1.859514414422146211e-01 1.007360077220228689e+00 -1.448777793896488747e-03
-3.997965063336263447e-01 -5.354696722528160535e-01 1.854304270676258165e-02
-2.119031156472382937e-01 1.001317721061903310e+00 1.127194153043497779e-02
6.475045794755739104e-02 -1.004792284259570456e+00 3.059058401648919248e-02
1.548716256903081845e-01 9.923898695805821735e-01 -1.120176213225324881e-02
-3.956328957790581496e-03 -1.013567777663083591e+00 -2.237942821424075603e-03
-3.735580259440592910e-01 -7.188285958056684910e-01 4.527097358785061665e-04
6.151458920698653632e-01 8.968118057678169386e-01 -2.494119767966993667e-02
5.974561127075803668e-01 5.399379508112668313e-01 -4.543064313215579297e-02
6.220452981813053839e-01 -8.408561565957304307e-01 -3.505013675099203502e-02
5.974477031074946209e-01 -2.434390359889218036e-01 2.548626664111027645e-02
-2.852723988956383516e-03 1.020501284040265855e+00 -1.252654219787625173e-02
-4.257021389744494178e-01 -5.057361455617767065e-01 -4.097173461706900971e-03
-1.856083977313818800e-01 1.011766705778162967e+00 1.318406233908023598e-02
-3.953616638895229851e-01 -7.698811639063870560e-01 -2.576479135738971721e-02
-2.615292959160039343e-01 -1.006374576465426607e+00 -3.956746016651988516e-03
6.077415066985375480e-01 9.201791307093931671e-01 -1.904981699714021134e-02
-4.302793587363448746e-01 -2.499916190490168999e-01 1.085483277065123729e-02
-2.040571257781451653e-01 1.047815478373820497e+00 -7.315290926833032531e-03
2.335131182951537543e-01 -9.854628517470268578e-01 3.221263229650198068e-02
-3.571319777361179892e-01 -9.962359833631946326e-01 5.063307940904288734e-02
3.478026614850758813e-01 -9.749456356386058120e-01 2.953796506092919855e-02
6.217915747884207311e-01 -9.585426697322865230e-01 -1.863822759100386764e-02
6.194566484016453822e-01 -8.206116010161426111e-01 -4.698299348936224584e-02
6.163421933976209743e-01 -7.524615925966421370e-01 3.258038027257946761e-03
-4.060066677429138293e-01 5.282344257827696898e-01 4.336603029975022103e-03
2.333954855661361794e-01 -1.012957785814161404e+00 1.281126863479270170e-02
-1.526964878646054902e-01 1.020361707610420554e+00 7.779793431960876915e-03
-4.092427013629902355e-01 -4.058592525227153747e-01 -3.726844040036501188e-02
5.622228546118969161e-01 3.393541298212267576e-01 1.278741547524868557e-04
-1.097587994139540175e-02 9.848181965975623120e-01 3.548952270853946572e-02
4.469775658531613960e-01 9.951986154023698683e-01 1.597694113177107857e-03
3.886842523799554638e-01 -1.011264726595561880e+00 5.910637410606552934e-03
-3.824306899978264784e-01 9.890098070937921593e-01 8.029116041847578558e-03
-1.458365148047788551e-01 -1.042869647783521536e+00 -1.610470555383178640e-02
-4.045325572182585372e-01 -8.752898887784528181e-01 1.917737475642886102e-02
-3.266319939301354225e-01 -1.015108212718293101e+00 -1.754797463874471775e-02
-2.988161224880747091e-01 -1.012988280477515657e+00 -1.915735334907289755e-02
4.694170994269973307e-01 1.009458840251602929e+00 6.718814525315158813e-04
5.889571775345604498e-01 -8.805709960894366750e-01 -5.918084197946334342e-03
-3.273703216911676428e-01 -9.906827512296805249e-01 -3.034780283782925400e-02
-3.521539330479491747e-01 -9.745942395043096784e-01 4.594172822217854057e-02
-4.222896612942741990e-01 -1.015117123459889470e+00 -3.766679268426595395e-02
-2.752472952471159418e-01 9.879555245041889977e-01 -5.254893387015353856e-03
6.057781996844018302e-01 8.767992350535627755e-02 -2.947766243237233061e-02
6.083073538325887153e-01 6.034566223545229091e-01 -5.457815839238608704e-03
-3.235180731942453036e-01 -1.020573310011358537e+00 1.029148738971600273e-02
-1.102136370569039903e+00 2.350269044218380898e+00 -3.082866796427302658e-03
6.879561170358470257e-01 1.347938908781451950e+00 7.984206601488411104e-02
3.431142678617105091e-02 -2.108635070430731950e+00 9.054420698227247377e-02
-8.434870022662269706e-01 2.493994180834810948e+00 6.739853916332513850e-02
3.354958132231504742e-01 -2.459871715501693146e+00 7.998657977163364796e-02
-1.372557586041846633e+00 1.909180752546372872e+00 -6.816286198797200102e-02
-9.418802998286451844e-01 8.974605380034237356e-01 5.735885510971081014e-03
-5.432274510931739409e-01 3.175985370081906289e-01 4.856877144970545013e-02
3.636373463688964414e-01 1.318357227448846203e+00 6.849852257095720431e-02
1.295415930867491294e+00 -5.237179429373228778e-01 -6.839653259128361529e-02
2.952783506151241966e-01 2.602476784562091083e-02 -2.497880086391979226e-02
-8.531791498179489563e-01 4.696973234893238036e-01 2.714246810412826449e-02
-3.874983512967493660e-01 3.067362508330129245e-02 -5.141717347098762048e-02
-2.626452619924379839e-01 -1.401017869629722856e+00 1.151752649330610445e-02
7.315972843643212542e-01 1.956321936052472843e+00 -9.127346926862769938e-02
1.274437970021006894e+00 -1.346426841945753017e+00 7.560887674086000376e-02
3.544122536591201023e-01 2.876230379079611765e+00 -2.854005076171255151e-02
7.883631079186259605e-01 2.385198117539282237e+00 5.225510778176858939e-03
-1.846644027055566184e-02 -3.589150708053874261e-01 9.725032618557150066e-02
-1.170741344689128827e+00 -1.804092199675650932e-01 -3.662838032378740172e-03
