4.564129324737064008e-01 1.030697181874119517e+00 -1.696572331703858141e-02
-1.171443788246387119e-01 -9.733516106319740624e-01 -4.965127863699180487e-03
4.259701154541192247e-01 -1.001531796397584495e+00 5.088158977323742511e-04
2.492382690509640508e-01 -1.005102100170250035e+00 2.895871954093232059e-02
1.098359220115509571e-01 9.918996429008485327e-01 -1.394541429763280311e-03
7.633315984711915025e-02 -9.725063950363351806e-01 -1.620669866393960410e-03
5.468076329616731179e-01 -9.699741250948294979e-01 -1.564197547762680510e-02
2.817373681541140984e-01 -1.004840288663275683e+00 -5.286586883945402354e-03
-9.161950828476797537e-02 -1.035969207684385385e+00 3.360033810777512953e-03
-4.582701238305397218e-01 9.095138891362293254e-01 6.699176146109889207e-03
5.582972210550208869e-01 -2.489946792303229794e-01 2.154631062015348666e-02
5.464367910682041973e-01 -5.146438419350312099e-01 3.708388438387882815e-03
-4.113781536095276747e-01 5.870584986393594384e-01 4.292915549491201251e-03
5.136307008615965675e-01 -4.656653489550510727e-01 5.593265190503934718e-03
5.754290968225932446e-01 2.223983020402662547e-01 -1.330868031793954256e-02
1.473004988061173970e-01 -1.009111353865135507e+00 4.513106900324069873e-03
-1.433624733528650608e-01 -9.977025842620218521e-01 1.196824295261334631e-02
5.566337533573507690e-01 8.101022499406907995e-01 2.770456861991886163e-02
2.878760310126647348e-01 9.772407155741154039e-01 -2.216981410566317562e-02
7.192225026841679927e-03 9.900463674869725006e-01 -6.669569138730159497e-03
4.278103603059060234e-01 9.758407177514494268e-01 9.153102463529632846e-03
-2.978232805775686831e-01 -9.948080959917027233e-01 1.847925456132839747e-02
-3.146554576582684670e-01 -1.030661500255645402e+00 -3.688912359613073181e-03
3.276454648642205814e-01 1.001015854558659601e+00 -2.610250684773721824e-03
5.862857943147737894e-01 -3.273671363696034065e-01 2.165033733981737776e-02
-1.841032806542986233e-01 1.032295287043566878e+00 -1.675195822968272158e-02
-4.903332682215388316e-01 -1.111292831498190831e-01 3.134871114104299805e-03
5.344847876565551603e-01 -8.102937277879938005e-01 2.552999971370233795e-02
-4.281163865076264563e-01 1.068348343733213635e-01 8.893824572857100125e-03
-3.543649635433973599e-01 9.729885132612494658e-01 5.253976394185818147e-04
5.647519424279927591e-01 5.220086732662221340e-01 9.248609665393313015e-03
3.299745813364601821e-01 -9.692671792783058571e-01 -3.621816467099055973e-03
4.609719428679941444e-01 9.894004414925581248e-01 1.412629808226609565e-02
-4.160650952121590640e-01 9.098442851756497474e-01 7.762711607167086837e-03
-4.075963203180988370e-01 5.448460804366293125e-02 -8.266298290308603594e-03
4.203490083230526086e-01 1.017104094496744437e+00 9.930157167070128351e-04
-3.342020346063080960e-01 -1.014035236135153450e+00 -1.544010929348086161e-02
-1.288725671854161203e-01 -1.038254454905756630e+00 -2.995384574237555317e-03
-3.216252649999239432e-01 -1.010577687684178549e+00 -1.252395033763248388e-03
2.396117232051537815e-01 -9.994545029693258087e-01 1.812493859407937960e-02
5.880527168568359109e-01 5.094915052414037415e-01 -1.871844311357578200e-02
2.011168119242626728e-01 -1.006334126965992448e+00 -5.372337787586436639e-03
-4.291808488731944093e-01 9.959775571848591413e-01 6.391237152838547507e-03
-4.542730821218465276e-01 -2.634920874836198523e-01 -5.426498832328597623e-03
-4.314448704039188232e-01 -9.403070113700477961e-01 5.642581378839104430e-04
5.436400938239032143e-01 9.927856216609521889e-01 1.952847217779208819e-02
2.324418259629114705e-02 9.909291582576750246e-01 9.758211213109461643e-03
2.857089593711975017e-01 9.670322814162700675e-01 -2.172495650615391752e-02
-4.494971688779203500e-01 3.433549138413399815e-02 5.423540149753314048e-03
5.495589439168296897e-01 6.311688380387577846e-01 1.190122466126972362e-03
-1.552153630487659863e-01 -9.858016155623751109e-01 -5.606661449440310252e-03
-4.161742644303016436e-01 -3.337419271857019476e-01 -2.507327007031028357e-02
4.111653182866814027e-01 -1.008074146902985690e+00 -5.939617736604470462e-03
-2.295432317372650063e-02 -9.884536137719880378e-01 -1.631016822390138343e-02
-4.515043747158976606e-01 8.920617565375223990e-01 1.875546259028158455e-02
-9.482232276767310619e-02 -9.571424384528777196e-01 -1.534851395922393058e-02
3.070000134865271679e-01 9.567701809876519858e-01 -8.478121435243953646e-03
-1.293228507406976591e-01 -9.802315612821139723e-01 -3.971301362812360014e-02
-2.149467221838028685e-01 -9.723281236211077649e-01 -2.427871698720019192e-02
1.106867071043394629e-01 9.816174457660141739e-01 1.559750881104056755e-02
1.922929573323955144e-01 -1.008154465818355661e+00 1.725652653682893667e-02
-4.252016490477504851e-01 -4.435896422976508546e-01 1.903055963429434519e-02
5.057922811926551798e-01 3.837127307728487313e-01 -3.192330978187325058e-02
3.819774674111620777e-02 9.733701710636103455e-01 8.758353943333841568e-03
5.580748253069426346e-01 6.187463209180601442e-01 3.433621561421210718e-03
5.750201450867324926e-01 -7.954160476585407924e-01 1.126041353424054800e-02
5.848616044839962669e-01 1.108408583189537805e-01 -2.230758102589110517e-02
-3.971286661523770051e-02 -9.811284199113339266e-01 1.247946797163348477e-02
5.808350152255753462e-01 -5.750342483941400795e-01 9.846205326132163177e-03
-8.935959445723026806e-02 1.022353713433092892e+00 -1.070119273002714116e-02
-4.264256693838243684e-01 -9.221312745349335982e-01 -2.464538852220496401e-02
4.785730261357863391e-01 1.005666615654328577e+00 -1.339656375527229805e-02
5.155181570054789830e-01 5.023137288915217047e-01 7.597731041575627418e-03
-2.281664920835586863e-02 9.761667253633948826e-01 -9.304536988997762562e-03
-4.485271567617063471e-01 9.548995887748058520e-01 -1.809502814369939178e-02
5.676146816580227572e-01 2.515056721778631821e-01 -9.671317493174130461e-03
5.689951633872235570e-01 -1.551166559940916623e-01 3.967426361737329960e-02
-4.386814669229668340e-01 -5.280459737438301104e-01 1.480376517242812731e-02
2.846649031725806411e-01 1.017375856564975756e+00 1.600384168250513009e-02
5.434226267450896763e-01 -1.025160688301078871e+00 -1.455616226939433593e-02
1.442871833222249614e-02 1.027855973467910022e+00 1.183713314064512717e-02
5.481034296715950882e-01 -1.594500811642313165e-01 -1.812430375474453903e-02
5.753821109006480583e-01 -1.589415105807227835e-01 -9.354213537971077519e-03
5.559515367097209726e-01 -4.188939114706308198e-01 -1.203432337604270867e-03
2.679265091130020315e-01 1.009725895189561573e+00 1.981981608995997401e-02
5.638912606466562893e-01 7.008965675269205331e-01 -3.410644474919494185e-02
1.583600918675775182e-01 -9.928273357504839858e-01 3.116176648541613484e-02
5.590192897801848915e-01 -9.981090255740057149e-01 -1.321217147817693553e-02
5.813636278477775088e-01 5.299528669313366969e-01 1.323742675617104771e-02
5.506104970970912005e-01 3.809897720745981098e-01 8.505961482395539563e-03
-4.264828748918790824e-01 2.542931009666490327e-01 2.837086661530147103e-02
-4.445992171568160511e-01 -8.845142697971134504e-01 4.276130987029496712e-03
-2.801391354402977818e-01 -9.952430784476757886e-01 1.389398590028345822e-02
-4.199789748459142880e-01 8.897067885448286528e-01 3.717787370102838829e-02
5.505200574597463037e-01 1.730176216227966302e-01 2.313748348980665046e-02
5.714725347356747198e-01 -3.535812814753360178e-01 2.580219361025638813e-02
5.784515123187981001e-01 -5.000163462357415378e-01 -2.982010966066404867e-02
-4.474932972999334790e-01 6.913897861693600877e-01 -1.143555003418264679e-03
6.726635439651559856e-02 -9.975136243096353050e-01 -1.247615654595417116e-02
1.327446112421059310e-01 -1.000426408148020530e+00 -1.545810246567753780e-02
-1.738166606977137596e-01 -1.003983125129497500e+00 1.724278950337117602e-02
5.129734065659156128e-01 -9.895295417978406949e-01 -2.670612219316936950e-04
-4.493009608506102204e-01 3.677079282535816174e-01 -3.531868427930461973e-03
5.468777433385193509e-01 8.520038125859906719e-01 -2.377372766753807834e-02
-4.291139839885940166e-01 -5.078831646813589673e-01 -4.374286405745321689e-03
2.139651206427179153e-01 -9.920841125439916475e-01 9.005773201598480868e-03
-4.741893925013572209e-01 -5.937622165824517628e-01 -9.556736560254980133e-04
-4.793277815524353280e-01 2.081393842080887235e-01 1.792690959697242764e-02
5.748594544376562920e-01 -3.676455759646288790e-01 2.957004451615247425e-03
3.736441316887684772e-01 1.027729827735021084e+00 2.487141749850472691e-02
-6.800686207992719112e-02 -1.016210590558196403e+00 2.920437261239432550e-02
-4.487543725677894391e-01 -7.052552220199799216e-01 3.090219386636069467e-04
-4.545860255580862486e-01 6.729974455757403717e-02 3.029830441887839884e-02
1.077375893360316833e-01 -9.764593074189241717e-01 -7.821155550892215300e-03
2.435997557008160452e-01 9.823640411882997858e-01 -1.251952504848341530e-02
5.328864017741965498e-01 -5.249306824076412914e-01 -6.189279263356032082e-03
5.617305224369951722e-01 8.094214097177453437e-01 -4.108866253706729144e-02
1.424937432976998986e-01 9.891419427569988487e-01 -3.181341870532938126e-03
5.453765661590610492e-01 -4.517229608012513636e-02 -1.451455996194842349e-02
5.629548989377166635e-01 3.691952993217425538e-01 -1.098104050599379988e-02
-4.303597878881175454e-02 9.809071517864523804e-01 5.884056308489878095e-03
-4.407539103296316263e-01 2.141293656261340217e-01 5.016194101303416038e-03
4.971526130823033518e-01 -1.014929844250448854e+00 -2.776551400764900798e-02
-1.097790470299947474e-01 -1.017620327973312477e+00 2.400050975746417445e-02
-6.888925288346826881e-02 9.729614046196402022e-01 -3.916091183741140375e-03
-4.444327644254355003e-01 7.917460459592887134e-02 -1.858654677155860413e-02
-5.795292514996851219e-02 -9.881430147499156158e-01 -8.323973757342532573e-03
-2.112751691389984365e-01 9.897387915644697554e-01 1.769586244562941502e-02
-2.356710967211558538e-01 -9.922089288796454021e-01 -2.341360062034711018e-02
5.425702327089825250e-01 -4.629389519277258419e-02 -1.541944290872555856e-02
5.698368369844123427e-01 -7.496437670148176080e-01 1.907484023416205349e-02
-4.084964064903482961e-01 9.882086277437232003e-01 -3.187685661494019107e-02
-4.733212274211242576e-01 6.697494209565266754e-01 -2.037697842975657106e-02
5.815090524188557541e-01 -3.410054181659873396e-01 4.308859112463835767e-02
-1.504099947187256814e-01 9.722440049660313610e-01 2.916833655700237435e-02
5.458022494033842875e-01 5.295682919497831653e-01 -2.423456135906444653e-02
-4.215086877651430530e-01 -1.033965153570304496e+00 -3.808020085191939942e-04
-3.991063722693663496e-01 -1.049880714085119404e+00 -2.672828476638216665e-03
5.661893324322305743e-01 -6.446356530470104262e-01 -2.679358495784051140e-03
-3.651334901069278605e-01 -9.923037726103499656e-01 1.641093347447114895e-02
-4.345181636713844053e-01 4.739759597505209254e-01 -1.649298034669208907e-02
-4.277810986288094197e-01 1.321565868368613506e-01 3.804545605259856272e-02
-4.362979141420005869e-01 -7.745044311692290684e-01 -8.164172508360476033e-03
-3.944013889432637088e-01 6.379817696530455384e-01 -1.259560800740177483e-02
5.878226354007751731e-01 3.433048007801363377e-02 -2.355507635519059340e-02
-4.731796328361181914e-01 -2.584586826924848979e-01 2.427129161803826506e-03
-4.005348769428639932e-01 9.280264156974529222e-01 -1.052637583158187035e-03
-4.236908950999159762e-01 -5.177770603215113843e-01 -8.208181406634420738e-03
5.527463735588546978e-01 -5.704325994020835733e-01 3.064992246019180092e-02
3.126798830347390923e-01 -1.019832421894035779e+00 1.357064277450929779e-02
-4.224980381219057279e-01 8.708853682824573283e-01 4.543941543186305956e-03
-4.374299960470806603e-01 -3.528404752491267615e-01 2.189933727122103657e-02
-4.323530459032984274e-01 9.368436587636466140e-01 -1.627992168179520638e-02
4.947114749367516606e-01 9.767061844881372856e-01 -3.033837406770640774e-02
-4.041702731090173195e-01 8.132669953638737015e-01 2.386453774064195565e-02
4.923749099496381176e-01 6.209247937646669713e-03 -1.298482254296662308e-02
5.351148532898977184e-01 3.568075572910959781e-01 -7.360354648285260051e-03
5.704794158496738765e-01 -8.287634837376387509e-01 9.580397257274376327e-03
4.824044407215288821e-02 -1.002110216926739739e+00 1.334033481242636633e-02
1.537292643990548491e-01 9.993560651788453431e-01 2.503764588415063885e-02
5.674331596072578199e-01 5.341261855187249274e-01 1.026608053090124692e-02
-1.231519042744201042e-01 1.008865992510088683e+00 -1.409786234728403580e-02
-3.283766400298263055e-01 -1.031173779993775907e+00 6.981030061381975071e-03
5.762534822734196593e-01 4.759771385437446822e-01 1.471711620438072299e-02
5.824456219547485825e-01 4.209697192083801665e-01 5.164854571652637526e-03
-4.350030029373544993e-01 -8.022632060657113040e-03 -1.831746510412560203e-02
-3.604988250816805462e-02 9.736389266824916344e-01 -1.574379540249045903e-02
-1.594031434519697643e-01 -9.853592071925407758e-01 -2.129062262745171769e-02
-4.460812238667001828e-01 -8.545598588546956531e-01 3.153717667165937405e-02
5.593117770537107125e-01 2.420315296519748582e-01 -3.927050242707221667e-02
5.547485065613784183e-01 -2.071219403414363558e-01 8.660841158077636770e-03
-5.343091432307547212e-02 -1.012624640828067246e+00 4.338039229915521822e-02
5.220805542652539044e-01 -8.072617578481858236e-02 1.324029263920622991e-03
-8.645370825257960024e-02 9.834161541724407707e-01 2.397992149804065685e-03
2.627960116440046789e-01 9.960485320310668023e-01 -2.364269876011229274e-02
5.677707112932098843e-01 1.276642599779849729e-01 -7.639439934863571577e-03
5.808614886307625902e-01 1.000487715991093873e+00 -4.195660702681416020e-03
-3.288233812520670041e-01 1.023487956784329134e+00 1.962477034350106758e-02
5.824202525575880030e-01 1.061137265256538106e-02 1.237036525715619860e-03
5.466288687968855475e-01 1.898868156517366512e-01 -9.483456866908226979e-03
2.644909943641086114e-01 1.006994126505750931e+00 4.574761598087083436e-02
-4.466706062263847699e-01 8.238657440387869846e-02 1.887533405742420484e-02
5.516171250033625739e-01 -1.010752408675816394e+00 -9.982015831356379904e-03
-3.239908819431770032e-02 -1.025815591562527329e+00 -1.053906383704651152e-02
-4.155260233969513828e-01 -3.982290432616246711e-01 -5.418250965941963891e-03
5.543368721894290641e-01 4.079795661489586944e-01 3.926685693579099606e-03
-9.098168499040751311e-02 -9.905610266277526943e-01 1.843559827926788755e-02
5.195769739642839280e-01 1.005872386576429856e+00 -1.567699566763984878e-02
2.681495904418502163e-01 -9.987241395338455341e-01 -3.724115234870763180e-02
-4.394183099936045944e-01 -8.288659782335672244e-01 2.030424307637899300e-02
-2.660260979646187907e-01 -9.493209995593747674e-01 1.731538074841210487e-02
5.522020005356532701e-01 -2.907334541808000439e-01 -1.540204078937494094e-02
-1.892686856770220971e-01 -1.016266583390079248e+00 1.077075765337879611e-02
2.635202821545397645e-01 -9.727303952465826686e-01 2.182750970833812615e-02
-4.723338958448386471e-01 8.891366200981587475e-01 9.411835250717372550e-03
5.923515691869798427e-01 1.652513648431969406e-01 1.614014722183638659e-02
1.104841593865695248e-01 9.868034431217358460e-01 3.882710707123498972e-02
-4.726658027830643038e-01 9.138562691547340577e-01 -1.399553673619986782e-02
-1.799496193780011910e-02 -9.939509667435364459e-01 -2.876179675604909752e-02
-3.587200611315582433e-01 -1.043336707420508214e+00 -1.575419924940235942e-03
6.326944226122832582e-01 2.649955859567796779e+00 4.011919465712829314e-02
1.250443623910337809e+00 -1.618440929428483388e+00 -9.206233344180450584e-02
-9.125537141852451128e-01 1.982343302392620465e+00 9.643314524554999490e-02
1.065194365829775336e+00 -1.404818459507138018e+00 -7.777011018032087275e-02
-9.742507198231337151e-01 1.292192445351066254e+00 -9.545275993601345932e-02
1.550270574396844125e+00 -2.150563791315506457e+00 -4.254096732619461196e-02
-6.768892695586938846e-01 1.315049517482478336e-01 -4.310227790681547821e-03
-1.385237910774901771e+00 -9.140089536412547844e-01 4.349189552124374525e-02
-8.362653641242350222e-01 7.622799566656075498e-01 -5.862937400847936797e-02
5.003531388087980591e-01 2.961106979608075562e+00 -4.296661389330019842e-03
-4.691226107442375559e-01 -2.113455283407398078e+00 5.668800039892304965e-02
8.349163956373621964e-01 2.445356211052964746e+00 -2.250739074017160668e-02
1.935302634577684699e-02 1.196958133125654022e-01 -8.220236061035551822e-02
1.133400178929727442e+00 -6.166805719851460310e-01 4.044059412303765977e-02
7.208659467566698176e-01 -1.611788401938976767e+00 6.433503352779551543e-02
1.535189238572861381e+00 2.616408856889877121e+00 -1.970572371924964039e-02
8.523266465537426839e-02 2.154557220236302584e+00 -2.139231544335776225e-02
1.101546985775321730e+00 1.272569566676944319e-01 9.609734422788743236e-03
2.440259779475788537e-01 -2.113820462961371938e+00 -5.912253994823839925e-02
3.888209113632612457e-01 -1.713142388148274575e+00 8.360377681818004225e-02
