7.054980576646743273e-01 -9.716624292431593757e-01 4.720128979074987574e-02
7.667010342407074575e-01 9.858248789465138273e-01 -1.598426773561694922e-02
9.945429723470364247e-02 -1.009918287811325754e+00 -1.720419221999292426e-04
-3.183255227886498673e-02 -1.016646155237175497e+00 -7.940127973063206349e-03
8.948142343382216035e-01 8.327543404963319018e-01 -1.076153684594607571e-02
6.765919644354180251e-01 -9.934142982746223538e-01 -2.081988950754272080e-02
1.935889464620526024e-01 9.931067803489486145e-01 1.006819760055739817e-02
-1.197296472572739884e-01 8.681142393308931560e-01 -2.978688585509776249e-02
-9.826511782737080980e-02 -8.614499532429206186e-01 -7.609809945205377223e-04
5.770265535819805169e-01 9.961014279603329635e-01 -8.995140167367202122e-03
-1.367541737702893667e-01 -8.513564482145987711e-01 1.321738645552436239e-02
8.836849724859160982e-02 1.006755747163232906e+00 -2.200324711844402030e-03
6.167138284299841233e-01 9.810947754187956393e-01 -1.171493900763000834e-02
1.976275699237884098e-01 -9.965390159622991018e-01 -1.904625488814716550e-02
5.753171698185951533e-01 -1.014475511893795368e+00 3.456369086229248502e-03
-3.484731558694133952e-02 1.011069250136083175e+00 1.014978662147166671e-02
8.793794842965251268e-01 -8.395786205090222110e-02 1.043376403442900988e-02
-1.494124180653662592e-01 -3.645077804587973924e-01 4.596025335062738082e-03
8.676634849096265256e-01 6.300258189623380023e-01 -3.813981208457453698e-02
3.771403087173837987e-01 1.006037428794606559e+00 -3.593340531165844370e-03
6.662339618622941106e-01 1.006845989860886803e+00 1.396266890140296195e-02
-8.924748632799096859e-02 9.834502097245627628e-01 2.314218375319964521e-02
8.596810240333159214e-01 9.589979881808695650e-01 -1.434864546080409989e-02
-1.092370295944429526e-01 4.276840916457473329e-01 3.935006190104212327e-03
8.453616282097261569e-01 -4.428712304224176610e-01 1.050870452270471003e-02
6.124059025125351274e-01 9.925905252087182662e-01 -3.211599901678424684e-02
-1.154094649843062925e-01 -8.666748649543298821e-01 -1.185093496087948409e-02
9.105733000826954360e-01 6.663586428595419386e-01 -8.680289221711962044e-03
9.177551418066504096e-02 9.977669017971338983e-01 4.371663488223837685e-03
1.089652395672645879e-01 1.015882927533385827e+00 3.023274434413417838e-02
8.495645900596056066e-01 1.684753549975334108e-01 1.416996691949990068e-02
8.958827427094320228e-01 8.358075237544757563e-01 4.420706991796113060e-03
3.480847129835707432e-01 1.033600683787553098e+00 -1.045491180712896642e-03
2.461925618150012651e-01 9.970834540226879428e-01 1.792682867395942181e-02
8.751625207889635050e-01 -2.994839946488351834e-01 -2.008034825732966239e-02
-8.926531192379745516e-02 -2.834283853447400192e-01 -3.962645265362906011e-02
1.871364161225226030e-01 -9.945396839125821842e-01 -4.671297440210676541e-03
8.983326135813293201e-01 -8.067841510299228469e-01 -1.187887913599832822e-03
-1.208370560658983545e-01 6.409997042157862257e-01 -2.337859069322562305e-03
-1.112929998437875295e-01 -1.730406470276243946e-01 1.127562332493486225e-02
2.745523586607261368e-01 1.026827733607163839e+00 1.251697970257639389e-02
-1.232353058127465539e-01 -4.416528031273280197e-01 -2.155981884518945804e-02
-6.310995989805626150e-02 9.984633105132614261e-01 2.007872569823960368e-02
5.185602060390664958e-01 9.779878642436899971e-01 1.545166777689197316e-02
-6.450067544214072024e-02 9.832946847967278803e-01 1.218923923654923608e-02
4.320634856629661583e-03 -1.049008275285875591e+00 -2.931434701842171309e-02
3.571318862215338563e-01 -1.014728902040195502e+00 1.403513362760417001e-02
-1.156186662519230468e-01 3.037919092571231272e-01 -1.431194034142075321e-02
-1.307189908135172884e-01 6.283975977532427204e-02 -4.795039508446431037e-02
5.659690049894912367e-02 9.893320749090521726e-01 -1.527801963528425521e-03
2.664232924987192108e-01 9.961230216891467926e-01 2.101938126904479356e-02
8.701385189276822363e-01 -3.790620448602614878e-02 9.720958165685079835e-04
-9.033350537196967178e-02 7.571110229595127139e-01 -3.824441463972494144e-03
-1.170544168880114366e-01 -8.376909939763769186e-01 -2.070987311401039505e-02
9.179217784981004158e-01 1.002465847766410567e+00 -3.604979787006877545e-02
-1.150973870892744028e-01 -8.902272358098717309e-01 -4.139556427888027058e-03
2.213210667250424812e-01 -1.008426008084408299e+00 8.063251459890001527e-03
5.538896839033462527e-01 -9.949771919148489019e-01 2.194302013955950689e-02
-1.057693771222807388e-01 4.548387480180206000e-01 2.976569904114849396e-02
8.897484200153972234e-01 3.539740743099861198e-01 8.483041529746063181e-03
-2.511365414763734247e-02 -1.031404116656844172e+00 7.220263521261255715e-03
8.782890447037853265e-01 2.096530287640304135e-01 8.363614020471825741e-03
1.007221249203165414e-01 1.038046329871761042e+00 -5.541787763479197673e-03
3.270967588039286333e-01 -9.471362486482518550e-01 6.929494173960134944e-03
-1.113304555406499224e-01 -7.610750739353264738e-01 2.981601787690720332e-03
-1.122888347186016544e-01 -1.959483568211981552e-01 -1.607227994243621075e-02
2.845800438112169317e-01 9.911863602726422862e-01 -3.111984442931885544e-03
8.729098791621296982e-01 -7.634284607925033717e-01 4.477634082108916322e-03
8.679661033117452851e-01 -7.871705410310935180e-01 1.993950244331030297e-02
8.757596009647704571e-01 4.229528609001542150e-01 2.126792599510144224e-02
-7.952894373848455600e-02 -3.308828963715724214e-01 2.529779530913823030e-02
-1.272260559551372794e-01 1.979938840521056620e-01 3.969765447959348187e-02
8.906020129085857606e-01 -9.705984636059587778e-02 6.606007399911148145e-03
4.012273212291473934e-01 -9.967116029821340151e-01 2.493290170787541837e-02
4.129830306745979444e-03 -1.003017229515129394e+00 6.967680155223502855e-03
4.898939117610246474e-01 -1.016541500251053831e+00 -1.069956829501164490e-02
5.375789535896379201e-01 -9.978646273804988587e-01 -1.893527584289897425e-02
7.560742216159632711e-01 -1.002314936853125005e+00 -2.472786893621202464e-02
8.848849505766042123e-01 -7.075688430309361454e-01 2.892388535571161282e-02
8.879559524058165954e-01 -6.313629990266623748e-01 5.018340638649174124e-02
-2.293812659764743814e-02 1.007549998190790497e+00 7.531781616231291235e-03
9.062665686349996585e-01 7.791584654335558663e-03 -1.618804045299220007e-02
-9.192519002771490366e-02 -9.806095562057082216e-01 -2.684479617420316619e-04
-1.093521283069631561e-01 4.109226518042703447e-01 -9.566733863375330438e-03
-1.095432124677384877e-01 4.130171361178513467e-01 -3.957894323901004624e-02
-1.027412220802583209e-01 9.832356865104865395e-01 -2.359678365575118911e-02
2.494147655332485114e-01 9.958455905941208108e-01 6.302120390828634677e-03
2.402382927792341971e-01 1.016771656020126535e+00 2.955479815586093892e-03
-1.401803099594600421e-01 1.137798148599042658e-01 1.826324018292256601e-02
-1.581592444604070224e-01 8.737838011723500498e-02 1.538852960525132624e-02
-9.385519951004478445e-02 -6.585969438140860666e-01 2.636123853486052257e-02
-9.711714851750441468e-02 9.953208112466537250e-01 -1.300283342385546992e-02
-1.208528726885895188e-01 5.514005697165421660e-01 3.083793351201514002e-02
7.113726894720637239e-02 -9.948861681195365625e-01 3.097683905238520809e-03
7.404220841929151087e-01 9.941630146239773813e-01 3.879833908978103790e-02
1.684369181868412280e-01 9.998384955572666710e-01 1.702723336929133288e-02
8.446989897261463209e-01 4.049914843401242748e-01 1.456331668022646519e-02
8.833689432566407262e-01 3.300453837229444520e-02 -1.963775167129943808e-02
9.477386799751401358e-03 1.022031124102035449e+00 -3.446940152590897283e-02
1.528298498143184081e-01 1.001738126921648986e+00 2.337444162277924412e-02
4.002734671180124826e-01 1.025088281539734414e+00 -1.983470669922313828e-02
-1.128568237750747077e-01 5.408268278688470598e-01 -2.121759805157755197e-02
4.068589998602507585e-01 -1.032428341522130699e+00 2.664748864963275080e-02
8.797412207167673026e-01 1.060369556897062804e-01 -1.434904551647373828e-02
8.720930080253116445e-01 9.037302880683627526e-01 -2.850212910197748306e-02
2.815681972949723999e-01 -9.772678412471029752e-01 -2.823330240208088426e-03
3.338671911554763061e-01 -1.004247158578539301e+00 -8.844395267101458694e-03
8.816095263636209989e-01 -5.818702169478330299e-01 2.496748991129631515e-03
9.150439654776029164e-01 5.352549074684576774e-02 3.255041116673880811e-03
-9.702735960179353913e-02 -9.068304444250653296e-01 -1.354558386174779458e-02
2.041723083269136041e-01 9.966402595671230991e-01 -2.412147333232748589e-02
9.014746675760950678e-01 2.487071687654435481e-01 -1.016254080354446476e-02
6.668735345601355391e-01 9.833787200007916285e-01 -3.917542052377118687e-03
9.149124183380957787e-01 -1.778715706875358682e-01 -1.564645993241919886e-02
8.758792250767866161e-01 6.952291475558085576e-01 -2.286811279268405328e-02
3.513131514382556997e-01 9.625849931112638869e-01 2.058814892246593753e-02
-1.061341656419259177e-01 1.180010525200391874e-01 5.781037789224258150e-03
8.577448467737162074e-01 7.355078450407082080e-01 -1.030637746576387390e-02
-3.023538630242128544e-02 -1.021642472158776682e+00 3.132213139050098877e-02
-5.548251213390205383e-05 -9.472456304967044050e-01 -2.890989808847792622e-02
-1.192135210763273778e-01 2.201506814373387633e-01 -2.108640075507245762e-02
1.440327988382425484e-01 9.985444477705719413e-01 1.180300791328229605e-02
-1.237404553993798617e-01 -2.399597176773568541e-01 8.201031704985184065e-03
7.632151143957379702e-01 -9.970731508039646362e-01 2.026401248306801406e-02
-1.075365576443086391e-01 3.071028018322961017e-01 -1.949581937024261885e-02
3.880961266347148775e-01 1.004582096339127650e+00 -2.358805538802239560e-02
-1.117696035834014334e-01 4.341123471386652832e-02 1.922040632012726041e-02
8.190193968142400749e-02 -9.829635597503361133e-01 -5.915327959770053101e-02
-6.984618962337918457e-02 1.099503741792307587e-01 -2.456825249327360475e-02
-9.547594817025083225e-02 -1.192249348099237022e-01 -2.115021248972139348e-02
1.771981189716256497e-02 -9.787250243442887632e-01 -1.767294573026004581e-02
-1.261994215525147900e-01 -5.693950803825708062e-01 2.458172533196288992e-03
-1.364272847635247532e-01 -9.110824261266562418e-01 8.020849903307224193e-03
8.718075993132499146e-01 -4.287257331516791115e-01 -5.874923815146314982e-02
3.879185956408107150e-01 9.967123729308201563e-01 1.548830509028667826e-02
-1.128002684738386718e-01 -4.362020300470197398e-01 -7.331122334932132188e-03
-1.031771355398025253e-01 -1.515132941169995973e-01 1.295276132712273875e-02
8.705556270538756802e-01 6.659366000189950174e-01 6.866558881060924558e-04
9.168061543700187777e-01 5.360396287748424304e-02 -8.400759993827885269e-03
-1.379830535174640938e-01 -6.365736425140133825e-01 -2.142423497502969620e-02
7.923480718443117743e-01 -9.977770628633788608e-01 2.477109577699641504e-02
2.296736112874655789e-01 9.660383274379604757e-01 1.149218989062879108e-02
8.856381816314848887e-01 -5.782424656218565495e-01 -5.707956996048637807e-03
3.685534373302955524e-01 1.005764763607475354e+00 -4.735220360733777972e-02
3.079860334575814651e-01 -1.002703022440985192e+00 1.974197895283850285e-02
9.051460066054707321e-01 6.986049997860483973e-01 9.075428590238110091e-03
-9.370897858839871697e-02 7.990533217901094609e-01 8.986147277581122902e-05
-1.211703635625063918e-01 -1.026349978821704090e+00 2.394041312427425908e-03
-8.568996905536627184e-02 -6.120056120986645531e-01 2.454086490426433693e-03
7.338948005804267760e-01 -9.956741155969831558e-01 -1.804634006663089624e-02
6.867080987202697218e-01 -9.793050283298302405e-01 -4.644717792740656569e-03
5.609069311840095828e-01 1.014507005162877729e+00 1.545799622723194149e-02
-1.133631074270492478e-01 8.509325238324946250e-01 -1.304724021383960042e-02
-1.407846071139005339e-01 9.508086042987036191e-01 2.229810016619157044e-03
8.306591541435259796e-01 -1.002175754117909046e+00 -1.958593380788031107e-03
8.059009835757662277e-01 -1.000973216199851246e+00 -2.874818873475019649e-03
-1.326485434393250007e-01 5.829215929007907082e-01 -1.774767574096194640e-03
-1.630909871419306267e-01 -7.260217353320467248e-01 1.303005938339527221e-02
3.640990939192143006e-02 -1.003866320841029003e+00 2.568958718265559535e-02
-9.285336241283421999e-02 9.535887281843299368e-01 -2.594604926070149392e-02
7.823454820118848074e-01 -9.944100757697189596e-01 -4.079624351398605103e-02
7.277805745063921361e-02 1.024865251349892148e+00 -6.546800769487665182e-04
8.907217111639414986e-01 4.265478138798894925e-01 8.725943682257580186e-04
8.186194281499692416e-01 1.034526983948308665e+00 2.944977482245468223e-02
-9.899278206087962217e-02 -4.152170390389903210e-01 -3.366116672793535020e-02
1.220537493386432693e-01 1.017951813977563180e+00 -1.984114702525582863e-02
7.691228595024195425e-01 -9.931376340664456182e-01 1.149996944698351798e-03
-1.594354313149467517e-01 8.168844701112492057e-01 5.652856540654638620e-03
9.001441627900146347e-01 -3.946485201791548048e-01 1.133290285155577441e-02
8.432450237146764671e-01 -9.133473635766600207e-01 6.291942667321509704e-03
-1.235640038560739534e-01 9.256952477204614116e-01 -6.082468274912097156e-03
-1.404775280813257421e-01 7.393143536337918320e-01 -9.737564387931179136e-03
8.599036363338996569e-01 -4.743043921957248998e-01 2.996920973720547041e-02
-1.203789431565977786e-01 4.026991005650412681e-02 -1.391033210858775085e-02
1.629000211784949192e-01 -1.049758696138512581e+00 -1.269283431984215456e-02
8.846903595145025889e-01 -5.548980621421299997e-01 4.739984247929334565e-02
-1.287478588435948534e-01 -1.886732869568166771e-01 2.031685216275824768e-02
1.415935311143689049e-02 9.713488972689298118e-01 -1.258636438175643642e-02
9.723771798061666208e-03 9.854227841951185285e-01 -4.465563051645929371e-03
4.081140345315055762e-01 9.888795933806728833e-01 1.385683479433257384e-02
7.856048717390962111e-01 -9.857524622985500695e-01 6.582781225826664882e-03
8.974451481526718455e-01 3.847793031340648873e-01 -2.035387968573663248e-02
3.697162241609942002e-01 1.000084522742177962e+00 -4.118215114716800018e-03
8.756480230014577204e-01 -5.160558516801035944e-01 6.958221544189293999e-03
9.119358359739182518e-01 6.327864305233903419e-01 -4.912285620388687213e-02
8.854868010299118408e-01 9.165732187242050522e-01 1.554900815969692540e-02
3.759240947417356038e-01 9.851126693686792501e-01 4.546689532693250213e-03
8.870023023691386843e-01 -6.364317912024489710e-01 -4.121765175515900576e-02
8.212225839184280618e-01 1.023486289514906611e+00 -3.699496431705109195e-02
-1.293764507737684422e-01 -2.188809217307416399e-01 4.311727737781637440e-03
3.012877434589640857e-01 -1.024494532020314930e+00 -1.590147317701410407e-03
8.928151851115541104e-01 1.141678019099326841e-01 -5.890586382524477110e-02
-6.526459622767298574e-02 -9.927823447920639532e-01 9.934369492254034595e-03
5.908797370414328176e-01 -1.023295757050801225e+00 -1.028454657633574507e-02
4.123234424193505943e-01 9.986742529371419597e-01 -4.216037883679127352e-02
4.263872238152409122e-01 1.009884550320636620e+00 -1.945318965512331938e-02
-1.341600788625766094e-01 5.434315520835460989e-01 2.911362667397939322e-02
5.712489863917168398e-01 -1.005247921733002814e+00 6.647597509738976604e-03
8.475119686001781893e-01 -6.700978269397012133e-01 -2.349892921131080739e-02
1.565310933873934329e-01 1.018555863239214432e+00 -1.462347905753520923e-02
1.528598332164682994e+00 -2.134240901060963758e+00 -2.739346713916293585e-02
-5.209816752559892628e-02 1.016942794589033028e-01 -1.346278992075396197e-02
1.623044065124626290e+00 -1.915251787184512278e+00 7.344853413010016263e-02
-1.707693970986866594e-01 1.352361258193024440e+00 -7.501089140330148564e-02
2.771358897263787036e-01 -1.832885560711078110e+00 -4.014978639224034418e-02
-1.090290971815183863e+00 -1.287911883803792401e+00 -5.728589301413192225e-02
-6.348365726682267951e-01 9.832625552987854789e-01 -5.661803276053126166e-02
1.013262106833474618e-01 -1.481039859233006961e+00 -2.013542690684166914e-02
1.071942447745654281e+00 -2.334123260355148943e+00 4.602823540356040799e-02
-9.945984816856120458e-01 2.734039919059713775e+00 1.961617932796752561e-02
-1.113856593014598939e+00 -1.756366284010839607e-01 -5.049175124514435758e-02
-7.600617175246513479e-01 2.436400607641761695e+00 -1.514973947638317830e-02
-3.680575956188748554e-01 -1.994593548190174426e+00 -6.197752545658814782e-02
3.591121847277265466e-01 -2.080325314486259902e+00 -1.606729998380400370e-02
-2.010109254454262029e-02 8.217791955314126540e-01 4.039944370413250940e-02
-5.503342728961326813e-01 -2.400978524031751604e-01 -3.383144759058835660e-02
6.160274613462015658e-01 2.887944537966294689e+00 -2.690512533977283682e-02
7.522539880862677553e-01 -2.622580045748294175e+00 5.193113340968918967e-03
-7.871035833628439171e-01 -2.625941426147646141e+00 3.987299372972935574e-02
1.347454765810381705e+00 6.547049241808502451e-01 5.561011341457119950e-02
