8.808213146084937772e-01 -6.475416193720303637e-01 -3.382624154218073515e-03
8.488576591347971600e-01 9.406583631009231006e-01 5.896662705626405827e-03
-1.393241302251294333e-01 2.448314704408288689e-01 1.953805724654980244e-02
-1.247524978507709992e-01 5.198734997015431736e-01 3.792297732102914345e-03
3.550911957968049815e-01 -9.845185502459564697e-01 -2.622842437389863706e-03
6.714487841535777823e-01 9.932530243530334202e-01 6.378904364537802199e-03
9.096565765409129201e-01 -1.596388278897230006e-01 1.546718152049930337e-02
8.735078534363979186e-01 1.420048089102020628e-01 -4.579238179727950636e-03
6.895420270066749957e-01 9.512037383402071056e-01 -2.684625766519396425e-02
-6.685981377645537627e-02 6.918213259007210958e-02 6.123126844247202098e-03
3.363650527617711994e-01 9.900460334271818930e-01 6.670174730345448033e-04
5.364894879081461010e-01 -1.016900701313220079e+00 3.291288735456746571e-03
6.421759799611435060e-01 -9.901484944484139072e-01 7.503385557505665333e-03
4.965249896470597668e-01 9.605721989022623086e-01 -1.090928734835955836e-02
3.670454399021801928e-01 9.929753320892334978e-01 2.413590656031258663e-02
-8.628857725521310584e-02 1.000960162532619629e-01 -5.416080069078919867e-03
8.540027639832636908e-01 -4.906788030317700833e-01 1.319185803453535970e-02
-6.741714646727686722e-02 -2.979116411875242787e-01 2.034104789768869867e-02
6.850038331645572076e-02 -9.819912134451898034e-01 3.543662128102865322e-02
9.039343473365351045e-01 -7.769292697712054663e-01 -4.053727366147951393e-03
-8.942702562649387787e-02 -1.065535567084786167e-01 -5.594418697398934048e-03
-1.334711259797068672e-01 1.269674551017068720e-01 -3.146743147289469966e-02
4.399609013309890848e-01 -1.012006490416294202e+00 6.908578251860491735e-04
2.924817956162190091e-01 1.001929850845001191e+00 -1.194718558055431028e-02
4.532374436195583667e-01 -9.586254940515487322e-01 -1.047348456088920132e-02
8.963688754648608814e-01 7.378933356787792386e-01 -1.441418878372697186e-02
8.545376569324447669e-01 9.772577731286191671e-01 -8.224016814732589345e-03
-1.039564475682449723e-01 3.739795319192069090e-01 2.354603243252020861e-02
-8.695609161559270106e-02 -1.021596585675639712e+00 3.136805083480929263e-02
1.057313326566295952e-01 9.760476667969195663e-01 -3.227293542838864659e-02
-5.119561175354063465e-02 -1.013445593727727578e+00 1.418037034327442178e-03
1.936814162822063090e-01 -9.790388329418139302e-01 1.295887401314092628e-02
6.967846863265092505e-01 -9.830674249401356590e-01 -2.494695163647496494e-02
-9.768164717039294620e-02 5.136986184114069598e-01 -8.148385996066648609e-03
7.030884399019992070e-01 1.032065382366498030e+00 1.415878925444287624e-02
-9.744928121707262247e-02 -1.728656064887768712e-02 -8.147096916936689710e-04
7.738425819929533045e-01 -9.656116584548087856e-01 -7.552468439506325980e-03
8.844581410197469573e-01 -6.441295473368531255e-01 -1.103359009592448821e-02
-1.185040200551907286e-01 -4.077101247002604123e-01 4.641738015497341545e-03
-6.048515458315660565e-02 1.010928887987130098e+00 5.780012650587988817e-04
8.847932273520614510e-01 -3.061808092038270646e-01 -3.107390425758036964e-02
4.656997604283993342e-01 1.028784303835682090e+00 6.365987908088237453e-03
-1.072135458405977654e-01 -3.020101198394499198e-01 1.631987407965086951e-03
8.899676619687827417e-01 -6.099329759036280496e-01 -1.212060228922713818e-02
-1.285506227454892014e-01 8.326861503457100300e-01 1.717814018585878729e-03
8.637046448804170939e-01 2.727624983692372718e-01 1.676981653361678259e-02
-8.185368460235654953e-02 8.632041071905418583e-01 2.085996789411173266e-03
8.607759094800652155e-01 4.455216600939816696e-02 8.663091278993305389e-03
-8.778207695220313633e-02 -3.232133261483129405e-01 -1.944018955869525941e-03
5.048926708843600730e-01 9.976865618177102046e-01 1.696532571723307140e-02
3.269526129119555424e-01 1.009263514001605300e+00 -1.476665677297480175e-02
4.864092851671561468e-01 9.976615263034266379e-01 -4.929936128019190948e-03
8.590775568903971093e-01 3.455947285599385022e-01 4.610567923752448977e-03
7.238881995641405220e-01 -9.984022209705538664e-01 -2.343678600946800389e-02
6.538104004724081264e-01 -1.020269424014446757e+00 1.147502210386271496e-02
-9.661803966438944902e-02 -4.127710169124727546e-01 1.158400644985975621e-02
-1.189576370498047486e-01 1.238542585066285950e-01 1.828470127925719765e-02
1.984972451429474205e-01 -1.014148344958451187e+00 5.963708180138634768e-03
2.115345636389596717e-01 -1.021923958585426950e+00 -9.108518820129319835e-03
-1.124244210454720810e-01 6.422001825692026378e-01 1.008623334809785957e-02
3.243806552417493605e-01 9.819344921077807209e-01 -1.711093169184274218e-02
9.123869447834762614e-01 -7.105473333310774464e-01 1.462694216383501021e-02
5.917513419893905002e-01 9.753248928407451945e-01 -3.628432019591864600e-03
2.285678564115751488e-01 9.899211509646839158e-01 -1.531216398368815193e-02
7.866529510326244479e-01 -1.013311346617729258e+00 2.274494320588325846e-02
-1.124106207926025558e-01 -2.605186650424839989e-01 8.334024614079296733e-03
9.119344571882508355e-01 5.083281111524226015e-01 1.866433894721234582e-02
1.145219914936120437e-01 9.973214449210237031e-01 -2.465008796693319258e-03
7.497097674167474413e-01 -1.001926639482431103e+00 2.469693312575211436e-02
8.856510526562274555e-01 -7.666136346826464554e-02 -2.328053178011635707e-02
-1.064592593043098695e-01 9.849393628352014207e-02 -1.476537100176673889e-02
-1.165275160219202827e-01 -1.067184015692635921e-02 -2.675932891080821593e-02
-9.957523909225574066e-02 -1.024933635662457876e+00 -1.864717745637417892e-02
8.990473048436138370e-01 -7.212228170555945450e-01 3.265854674514791570e-03
9.372624093084795938e-01 1.840483736170079043e-01 -6.467149952216163719e-03
-8.678637168500213939e-02 -5.912669476355200127e-01 4.331253569087341326e-02
3.071408750221169548e-01 -1.005472350604254661e+00 1.980323395998413727e-02
3.129772345360595787e-01 9.757853377960978847e-01 2.203998398827404850e-02
7.828900511791559991e-01 -1.020693594079624011e+00 7.360617655997603315e-03
8.737358123308708313e-01 -6.700866883160768728e-01 1.898129421165837757e-02
3.398790340788525044e-01 9.879770287798750328e-01 -2.804808475913423468e-03
8.969872661883804277e-01 -6.224656220149784452e-02 -9.635773852999808195e-03
8.868890567727054641e-01 -9.682300033232447145e-01 -5.763419106921412356e-03
8.201221996499568068e-01 9.769784021995892020e-01 5.337546808532800911e-03
-1.784732268178656489e-01 8.481313553885535539e-01 -1.050461035040857645e-02
8.192398000061985874e-02 1.022207597321638239e+00 -2.127711186528721127e-02
5.124376083431733120e-01 9.932059367442200859e-01 2.852195761387365126e-03
-1.359353775608189707e-01 9.167165906778608209e-01 2.829065161316919250e-02
9.021757406046927441e-01 -8.698913042259578399e-01 1.481319704031816044e-02
8.665992372046614767e-01 -4.050115954109406169e-01 -3.974639453004685102e-02
-9.652291183899106009e-02 -6.108219389687422618e-01 -2.247374671573686838e-02
-1.080004035967792875e-01 5.348309078310531373e-02 -6.676522545374112896e-03
8.797495495924695375e-01 9.900543711639303579e-01 -2.791729924418484858e-04
8.783232670830035671e-01 -2.085579510308845919e-01 3.388430045223735781e-03
-9.242522370134348408e-02 -1.135050862880657291e-01 -1.101275197071288452e-02
8.787432194659571261e-01 -3.710135653140416712e-01 4.913518650947280852e-03
-1.001510957895318937e-01 8.321128147489880167e-01 4.425249375808463365e-03
6.144121290976608529e-01 -1.006162392523097360e+00 -2.410350465845587705e-03
5.879338025104290377e-01 1.043456989349702990e+00 -1.819743757417347299e-02
8.816920033560580183e-01 8.830276706347743865e-01 -2.291422019806629504e-02
3.775009168064247245e-02 -1.000109960650324314e+00 3.797004733474638322e-02
-1.440100059501240315e-01 1.104811908566556283e-01 -7.381822624093795429e-03
8.700964186869803996e-01 1.804626712407378653e-01 -4.158368372009637465e-02
-8.964049979196631046e-02 2.900083382461304260e-01 -1.651975741702243691e-02
5.664091515024776147e-01 -9.867533241144400558e-01 -2.921914557251478056e-02
-1.114140455201624302e-01 1.046678107866777785e-01 -4.552921486530995751e-03
-1.342414716424162879e-01 1.558059980338754869e-01 6.928480304397576471e-03
-5.477761647189953453e-02 -9.895934246329641804e-01 8.779685002772876293e-03
-9.263175013778718325e-02 -1.816099194115454452e-01 -3.235438058701367754e-03
-1.127118962127924423e-01 9.477753567400629131e-02 -7.358386756776147571e-03
9.038519409951216721e-01 9.730375381969781357e-01 -3.002762750604878045e-02
8.872139352747803187e-01 -8.864135033417561704e-01 -9.242942273743309789e-03
-1.540435764500601157e-01 9.027600560761891435e-01 -1.157044691355474907e-02
8.583432990417015906e-01 4.546797524493450537e-01 3.157456762299503533e-02
-1.112367606664543956e-01 4.466214189660137612e-01 4.434976745630488104e-03
4.877180505024661383e-01 9.984323590084467348e-01 1.753062424624798887e-02
-6.326947394897129706e-02 -1.010769521077540256e+00 1.089334208655572817e-02
8.978861863760598805e-01 8.063474193944750734e-01 -5.940316184780463499e-02
-1.503725074033018250e-01 1.520829467181775418e-01 2.099904277491524644e-03
5.901526725858160516e-01 -9.889522715157341715e-01 -2.191879803263390228e-02
-9.309669766523551160e-02 7.191983897587462815e-01 1.151302227317277729e-02
1.927815964893124234e-01 9.959481837762647061e-01 2.474106058385035310e-03
2.358344825112966836e-01 1.007063899691380771e+00 2.489291082939214944e-02
8.870361684143938108e-01 -5.287740969973506733e-01 -1.963425630151013554e-02
8.606151116458119477e-01 1.114552227513148641e-01 2.812310894992405344e-02
-9.457450888952492751e-02 -2.932377927953944696e-01 1.697102028758890394e-02
8.637936699247394934e-01 -6.305912408256719726e-01 -4.548445311288501491e-02
8.992898949351337823e-01 5.799939018122900469e-01 -3.306413889381173282e-02
6.384792215617403066e-01 -1.012792784683698821e+00 9.063375321653226874e-03
-1.088184283670358132e-01 -3.756304574062548918e-01 3.115774787074474580e-03
5.346320796238286377e-01 -9.741243693565082573e-01 -2.542138467529168888e-02
5.629756532662773261e-02 9.927759006645446860e-01 5.813202622919379225e-03
4.124064984958877855e-01 1.017493916694034883e+00 1.197927780030253429e-02
-9.997418135528794714e-02 5.211899897127658665e-01 1.300525994720453434e-03
9.231200695261628786e-01 -2.651285006286423565e-02 -1.588668596641338443e-02
-9.894402281166196633e-02 3.846302089636121635e-01 2.786392037292768648e-03
8.757722309988289489e-01 -3.252872599763050876e-01 1.463018184922460461e-02
-1.049503508680079689e-01 7.410537696282616382e-01 2.290329527796801726e-03
-1.356217054006179923e-01 -7.052140240764777079e-01 1.550273011979672044e-02
6.382786712733512502e-01 -1.018604859914076011e+00 1.894519027873055967e-03
-7.310153251724990642e-02 1.004569047498929057e+00 6.809827533417954840e-03
-1.427760535319533564e-01 -9.816682475246925055e-01 -4.929311491257483933e-03
8.995884752426028808e-01 -4.428146036570583255e-01 2.559315830076323850e-02
7.777197733430203375e-01 -1.029324918191865335e+00 -3.081868694357884492e-02
8.398007260715598665e-01 9.972478336407821775e-01 1.905869845389990616e-02
1.931953880123220002e-01 -1.035761084022310374e+00 3.321007563831689796e-02
-1.131846343744842276e-01 -7.912123965997329700e-01 -2.274543835611369733e-02
1.271219957029313258e-02 9.718306698127223697e-01 7.183538088769050867e-03
-1.232545462030125855e-01 -7.264813729260499731e-01 -2.098430861022504076e-02
3.088049739080209188e-01 -1.018964050595189574e+00 8.788590610951231216e-03
-8.509623763835524879e-02 9.470266935470227077e-02 -3.477530493782724221e-06
8.703643306738820806e-01 9.512384010690659863e-01 -4.615557684578606990e-02
9.190416219363144457e-01 -1.801317845804270845e-01 2.199944551433098694e-02
3.671088494322161666e-01 -9.910582433785956047e-01 -1.870074156328091312e-03
1.635620632999805202e-01 1.007259987200119777e+00 -1.840469878127563158e-02
4.914529866100136313e-01 -9.908323564008214568e-01 1.085934138506144085e-02
1.807237336791249482e-01 -1.026514236349178821e+00 3.265273330300546423e-02
7.919964210774249613e-01 1.009174708821192867e+00 -1.925524955728394327e-02
8.957023451915760992e-01 9.922496206723838696e-01 -3.765264338316875754e-03
9.680401882267514191e-02 9.954905185624211006e-01 -2.943026944450418542e-03
6.243084335518783723e-01 1.006896425842385367e+00 8.544339985820156164e-03
8.772056425617632547e-01 1.013121520058314573e+00 -1.984199446244890030e-02
6.534988621855436497e-01 1.024297768055336011e+00 -4.534474377967224502e-03
9.033711448699540680e-01 -1.387917052928469286e-01 -6.380345669173372036e-03
7.439555345916231133e-01 -1.015456893447970854e+00 8.707794949381933132e-04
-1.096270153739069830e-01 5.291184085247245816e-01 2.860629285259675900e-02
3.031947178945873858e-02 9.964225602531487924e-01 -6.138983327353985699e-04
-6.487094720116565183e-02 9.861555345536795469e-01 -1.056146891065321567e-03
8.110287655536341234e-01 1.015607657499055572e+00 2.133673368756090066e-02
4.074276175670046296e-01 -9.980285119315936981e-01 -1.858791932849905917e-02
-1.501626185445352757e-01 -1.011234704824763631e+00 1.739024937107746388e-02
8.751604747109476001e-01 -3.145636063271579630e-01 -2.045736262312608522e-03
9.128517478893312109e-01 -1.036926163811917379e+00 2.108905942908552780e-02
9.168689890546575239e-01 3.898210370885148990e-01 -5.778948751879937548e-03
4.578736197996415014e-02 -1.002258107082696581e+00 -7.589758379741525819e-03
8.826853999923167660e-01 2.863849355007890840e-01 -9.351374730104314650e-03
8.594676380080502609e-01 6.632292750200369236e-01 -1.837545641911405431e-03
1.403387176835059202e-01 1.019241755920836212e+00 1.433393258714740943e-02
8.618158997881664174e-01 6.577389713730528165e-01 2.700565675706473323e-02
6.019679183792833177e-01 -9.887631760210592313e-01 -1.020019367586501649e-02
8.804735388423284848e-01 6.558204980734733125e-01 -1.576093549343636491e-02
-1.147749918780395367e-01 7.510222416512838395e-01 2.317721995756196959e-02
8.904083040323050868e-01 9.131142606927455940e-01 -2.777046348825523009e-02
8.605410143331136963e-01 4.166622264129228315e-01 2.197965215493480340e-02
-1.425434066536388489e-01 9.946874544399579854e-01 -6.996029647989307140e-03
-9.312911512186974883e-02 5.841978009386881165e-01 -1.464144624353033155e-03
-1.063812299672278472e-01 5.845217796459234449e-01 2.230019295859363843e-02
-1.049138397275841267e-01 -9.019669052505816520e-01 7.087204133602631288e-03
4.848602908289860736e-01 -1.008305245018911611e+00 -5.807578570901860381e-03
2.193073953806357057e-01 1.028149554607079130e+00 -7.443738330756736327e-03
8.747667905283936784e-01 -2.221767374806365714e-01 -2.297172808261934568e-02
-8.303061655927176932e-02 5.512439289423245459e-01 -1.521736358264877929e-02
8.763431908472690823e-01 -7.764694159189791112e-01 3.919382555575235023e-03
5.192972378544300494e-01 1.015591689313761758e+00 1.954263239808235950e-02
6.839107008762134177e-01 9.798659734174660629e-01 4.562458083598019271e-03
-6.420997463894970170e-02 -9.910824640023345733e-01 6.553646944698728527e-04
-6.101839025409675626e-03 -1.021936868479689897e+00 5.240360520386214485e-03
5.564492196544178482e-01 -1.008001394328500888e+00 -5.236428078870936260e-03
-6.492650930739123083e-02 5.812937933395131429e-01 1.028316045151727275e-02
8.998636391020159442e-01 4.152931127625855701e-01 1.268891613380278630e-02
1.875537563146587594e+00 -1.657997908230504081e-01 9.778263867135714160e-02
8.370103785773717053e-01 -1.308007708553873050e+00 -5.270462065952308262e-02
-9.672478873911524166e-01 -2.177661293441874868e+00 2.329230272723144257e-02
-4.104309034004116619e-02 1.343292008992408526e+00 8.521311344312881841e-02
5.529200604835540211e-01 4.635124286844174435e-01 -3.470956237832059643e-02
-9.979810760305074524e-01 1.718460233915903856e+00 -3.245920605076006715e-02
1.717172706127308768e+00 2.760093129857470906e+00 -2.011918918876995366e-02
-7.987126062727948339e-01 -6.340504824786465932e-01 8.438305764939180165e-02
8.376574825459131013e-01 -2.381806256031695490e+00 -5.019997921614414299e-02
1.464175455920522673e+00 2.355779271414290221e+00 -4.807026516424534046e-03
4.560092037185947689e-01 -1.855191014132431482e+00 6.698305983842764433e-02
-3.442314407270471444e-01 7.798296473307217980e-01 5.317717067472557679e-02
-1.091102673736674245e+00 2.867032851943356775e+00 -8.710338309494788933e-03
-4.956142608703658636e-01 2.897001087874063963e+00 6.416917120802970165e-02
-8.838824609903594975e-03 -3.718166597799417161e-01 4.623762588044574851e-02
6.760293190397383967e-01 -1.927078736706671513e+00 -8.745099920233295743e-02
1.197120884591811318e+00 2.288711119051450638e+00 1.649687122452558885e-02
-3.623689958617192231e-01 -2.490694295730907726e+00 -3.513276047947289094e-02
-4.193957066339782935e-01 -1.179602891423733091e+00 -4.224628570954333528e-03
3.369879567273814658e-01 -1.676918036852444116e+00 -8.127190242015823463e-02
