8.865332363254234682e-01 1.012188837837057598e+00 3.593444588645369319e-03
-6.446687072011850206e-02 -6.855704782070601300e-02 6.653035610634846359e-03
-9.125251226426343842e-02 8.538491029669591503e-01 -3.391579610971075937e-02
1.680974844075311947e-01 -9.898601999889801162e-01 -1.178783337030711587e-02
9.236715343081799423e-01 -3.633267796966648810e-01 -1.449058093867784149e-02
7.603855303079468664e-01 9.950314989966230206e-01 5.754956115119974625e-03
8.926390305479009468e-01 6.534256633774546685e-01 -5.479812093869169953e-03
-1.154296935011925596e-01 -1.011865832857293590e+00 4.991449507973220144e-03
9.243251841258356416e-01 9.643642809655843529e-01 1.012735834600952782e-02
-6.980438216882776936e-02 7.429952472646098594e-01 2.702628905401208148e-02
-5.862748710932974561e-02 9.108907665471593917e-01 -1.601772040495045776e-02
8.796669734400704987e-01 -8.261989668658066277e-01 1.466103900136671648e-02
-6.735080207492225024e-02 -3.683298191174256830e-01 9.403152259245529249e-03
-1.238030844322452195e-01 -7.462482970564737750e-02 -1.287332553573188737e-02
-1.023339075874242360e-01 -5.246761102909068830e-01 -9.245081509614547222e-03
8.914510601875860196e-01 8.883752627151746406e-01 1.332870944097593741e-02
7.241731826213556600e-01 9.618468701254979658e-01 1.684725507588021379e-02
4.624728418614268421e-01 1.027074375472141643e+00 1.551151775416681304e-02
-8.765242409654198930e-02 -2.415634813086873708e-02 -1.519784886677941552e-02
5.006237407769840164e-01 9.447639144997144189e-01 2.202531429217990250e-02
-1.093889873772199983e-01 4.475942198740236189e-02 -6.895340560316725979e-03
8.942194108462495628e-01 1.971519453864696847e-01 2.805176302439035471e-02
8.410183255858068030e-01 -1.041871012873501590e+00 4.149034028485133752e-03
9.048801667157494455e-01 9.756040889382480152e-01 4.490350635096957560e-02
3.495801712212894263e-01 -9.851842840246591848e-01 2.281311211801211394e-02
9.529856535798237882e-01 -5.101611059827734218e-01 1.192357941249315781e-02
-6.597341991113361837e-02 1.009584462714528286e+00 -1.379153379943483422e-02
9.402787480924889030e-01 -2.879892218888942534e-01 -9.157904140873385571e-03
8.251773489941333084e-01 -9.763442812062981258e-01 1.657201169347205820e-03
7.739642397704383781e-01 -9.813088414910650092e-01 6.858466760003699859e-04
4.126130678350594660e-01 -1.011492372953436192e+00 -6.991404834511122206e-03
9.208379289797241629e-01 -1.791927240977774505e-01 -2.280750084483062102e-04
9.187911317657881938e-01 -4.878751768933429767e-01 -1.681398251361704635e-02
9.087305141203482206e-01 7.246689871290959983e-01 -2.233330962202938197e-02
9.591825131888231937e-01 -2.916233119523883310e-01 -9.424088114557775328e-03
8.208260566357074017e-01 9.880425053390132772e-01 2.683501032085284371e-02
2.306225850239537190e-01 1.004195752752047976e+00 3.283790666676046806e-03
9.208385518538777514e-01 -9.139253217676034380e-01 1.289533337735253651e-02
6.116536611100034104e-01 9.956589547013423580e-01 1.574061216379846846e-03
6.402815914443507062e-01 -1.033929696325516900e+00 3.086131629814900523e-03
6.531385304408605652e-01 9.743283544675970242e-01 1.626699892879398743e-02
9.361306152873150044e-01 -5.584213461143103796e-01 -5.942619930295092376e-03
-9.251692466112658442e-02 7.542330435163672187e-01 2.869937578372457748e-02
9.217247126424805703e-01 9.894258446229762249e-01 2.601311859611343119e-02
5.807905690220642736e-01 -9.351498781727908272e-01 -9.217309585393587690e-03
1.178748790642132338e-01 -9.467289053727416803e-01 1.288194860564848866e-02
-7.312181408357046331e-02 5.739646072332617033e-01 -3.732935974153204876e-03
9.030164322078211292e-01 -8.811785489863092069e-01 -2.152567522531263072e-02
9.176934395250273546e-01 -9.870060450597666346e-01 -9.092790484329045519e-03
5.988751555627731538e-01 -1.022009129370357705e+00 -1.031262911672092006e-03
9.239022904702530736e-01 -9.866793528941633085e-01 1.755179487390060716e-02
-2.209621549576065019e-02 -9.815125993644608915e-01 -3.008065780266070202e-02
4.622756585520615968e-01 -9.543783960318934501e-01 -4.691790469727516802e-03
6.654116952916094840e-01 1.008010745503377992e+00 -2.001365144626167727e-02
5.584597658584272706e-01 9.579813272920462142e-01 -3.691777945507487835e-02
9.425969321861685790e-01 -9.768092723870245297e-01 2.858282706389271219e-02
8.880263931208204342e-01 5.930606756310489169e-01 -1.513383339486075278e-02
4.687562444245000348e-01 -9.884850727841162366e-01 -6.586741684323781792e-03
6.548235195173456313e-01 9.561415810170190710e-01 1.530451356725368028e-02
6.256145026100656814e-01 -9.608121405758178746e-01 -1.340896563618714996e-02
3.330517235319797598e-01 -1.018787358243819385e+00 8.036672587284072848e-04
-9.374329209404028140e-02 -3.098205532399274098e-01 -2.777369852901350605e-02
6.551339518732574030e-01 -1.000672559839030695e+00 1.288416318163901515e-02
-7.583227430256055113e-02 9.879435803074563260e-01 -7.269205661485530351e-03
8.457254106095661583e-02 -1.001835902760409347e+00 1.634396189741935124e-02
1.653204242797382262e-01 -1.004402359605920392e+00 8.753351148136504292e-03
8.990050352037747272e-01 -9.876887998949309688e-01 4.839973787141409363e-03
-1.181188623196009618e-01 -9.282651595724833449e-02 -9.042118168392220554e-04
1.841527410138980858e-01 9.574405024627021810e-01 -1.001536893468083292e-02
2.264631404634106226e-01 -1.000760775235432609e+00 -4.109185107151049759e-03
-1.133742399189434508e-01 -1.116657404343394527e-01 1.189541328194911908e-02
5.835675395436161761e-01 1.022564060868642599e+00 1.252775646613976147e-02
-4.192011618201388345e-02 -2.999107648473109747e-02 -1.749174867560220753e-02
9.328432018202843512e-01 -8.536770869464884726e-01 -3.955149495853231556e-03
9.156913633513295014e-01 -9.408214920393335179e-01 -2.029435202814716330e-02
-8.843883485869134808e-02 -3.217542272098014577e-01 -3.618058192150228752e-02
9.058504126001297729e-01 -9.350436745645974990e-02 5.017673230591251227e-03
8.500970333264099010e-02 9.732470721429928862e-01 2.570034201045802782e-02
9.387445297153537149e-01 6.800329574831407431e-01 -2.269261305269561907e-02
1.632853798019102132e-01 -9.735753304413591325e-01 -1.188885348564341568e-02
9.277728694120309649e-01 6.913092491647560012e-01 -1.914714148636023627e-02
-7.998856419709139687e-02 -1.274997391585745432e-01 5.681132160889334169e-03
7.989813356688609813e-01 -1.004309763984390980e+00 -2.270822349572901647e-02
9.213716981315264176e-01 9.496095202035962357e-01 -1.636588233694617756e-02
-1.210730953157462542e-01 4.537312866975687364e-01 -1.603130730033983792e-02
-9.739690478890625225e-02 8.545142686245402741e-01 -6.428965894422580298e-03
-6.657896568263761694e-02 -4.815629987766800180e-01 5.172130971266751531e-03
5.633992616755172378e-01 -1.004695291256663348e+00 1.063559804628626086e-02
7.506959170548237470e-01 9.742220242169085109e-01 -1.867714938687020654e-02
-9.511084839607659991e-02 5.413900948885280728e-01 -6.226044362720181170e-03
9.027253123515550648e-01 7.614408877541717358e-01 -4.299366240547541212e-02
9.285151656479696536e-01 4.918528463758938818e-01 2.876981727403801412e-02
-1.002115839801622499e-01 5.904344282093537677e-02 -8.304820003207013732e-03
7.285454530995253419e-01 1.011188597479224738e+00 -1.563634991673267319e-03
-1.027184416061078520e-01 -3.421409371413987044e-01 -3.715327219282323068e-02
-8.664112208345048360e-02 2.663059521276213704e-01 -6.912039111802638358e-03
7.791727158394523567e-01 1.005837753573465942e+00 -1.171064267369743145e-02
1.950189152340966736e-01 -1.027773859011253510e+00 -7.746051640327115441e-03
4.424170728452450629e-01 -9.655532012704496347e-01 -1.085670000866550619e-02
6.700783120899028722e-01 -9.880433691669875396e-01 1.984260463528419310e-02
-7.850699541303463036e-02 4.396995388735331911e-01 -1.624015505612124571e-02
3.648483507886726707e-02 -9.972995890416438414e-01 2.203160123471480797e-02
8.886800411967749058e-01 9.359280439299832999e-01 -2.094911268180294980e-02
3.653834563129150226e-01 -1.020901952731418483e+00 5.973964727084520032e-02
-1.009365394409159344e-01 2.301516887370735343e-01 9.239300071224141805e-03
7.548685833287499536e-01 -9.759027734785391539e-01 3.453582421134850783e-02
9.357992075585416236e-01 8.053850252184072689e-01 1.642568851979340876e-03
-6.300682006025749848e-02 2.510844856026513972e-01 -7.786361305828505205e-03
7.379721806641639237e-01 9.872198063695041270e-01 -1.147299170622160212e-02
8.648840294657426098e-01 -1.000067069137506204e+00 -4.378959269991453129e-02
1.630482447245370503e-01 1.034792554451996693e+00 -3.646796417515371126e-03
5.520607891757849384e-01 -1.018730701978427078e+00 3.251318132560743635e-03
6.679729206920448359e-01 1.023746719086759294e+00 2.520526780118604801e-02
8.326995701181625353e-01 -1.003064617645228473e+00 -6.187537089588159706e-03
9.006812974474083244e-01 -8.012481338433523337e-02 -1.631940723972137922e-02
9.197446860884258557e-01 7.563725945280719287e-01 1.936512398367801896e-02
4.692113370747140744e-01 -1.004493743515078918e+00 -1.447970920224625480e-02
4.231665545691846164e-01 -9.712661692225649235e-01 2.394272267672129667e-02
9.203483855525858015e-01 4.470300747714776035e-01 3.276274481470880379e-02
-9.116413823803068417e-02 -2.878310627638430153e-01 1.169050018903152301e-03
8.967875811626475624e-01 8.451731122382046824e-01 -9.009190274862523620e-03
-1.123412376024005704e-01 -4.745667858709645137e-01 3.800138632187729376e-02
-9.218207630242929163e-02 -6.316606860355933328e-01 -1.468215115476281980e-02
9.368224364160467887e-01 -9.039147319254242641e-01 1.455873325762904215e-02
-9.477689827543661627e-02 6.317914381129381418e-01 -3.873626531037369265e-03
-6.829227255639695737e-02 6.087877983592469011e-01 -5.766434296637432469e-03
8.905495634145864647e-01 7.565207928451898878e-02 2.621289849294940969e-03
5.977548093625398851e-01 -9.914149652102446364e-01 3.333720016578615997e-02
7.358845560189721802e-01 9.750103455055815216e-01 -1.960637241566938818e-02
-7.019189878426501661e-02 -8.467834431128975492e-01 -2.104398135133346906e-02
8.202315155830162130e-01 -1.015671955819790639e+00 -8.891220933345690691e-03
-6.670773539211755088e-02 -9.812987239385393412e-01 -1.715814718754121379e-02
9.114658965963235993e-01 8.440931479407125515e-01 2.154341568985974550e-02
3.506550190744172069e-01 -9.853238001309776450e-01 -1.125517197440061706e-02
-9.576192245434624051e-02 -2.123250458137539154e-01 2.086715756338488638e-03
5.694305383167411749e-01 1.021249201613471991e+00 9.222827756831111085e-03
9.339318009220913819e-01 7.096714087754795175e-01 -5.309225239613600544e-02
-6.657687705491063812e-02 8.117514080108308161e-02 4.690375219690598278e-03
9.112292553587449939e-01 5.556716110510651063e-01 7.409857764646536789e-03
9.358502386919882454e-01 8.807113276247028333e-01 -1.644759872643728263e-02
9.265378102072259203e-01 -1.013553597189391642e+00 3.046830529109217315e-03
8.108600675096803156e-01 1.041781347940756053e+00 -5.492924481693188532e-03
8.866255103019173855e-01 4.725022135718834893e-01 1.422938553993295663e-02
8.782594778253974832e-01 -7.242047920406904371e-01 -5.655928358285495193e-03
6.302818541195165380e-01 9.905838402998541348e-01 -8.174213080723022936e-04
9.081092357137118265e-01 -5.177815075389925470e-01 -1.422250287177543107e-02
-1.001264469570718740e-02 -9.519615137513759429e-01 -1.817209094471333719e-02
-8.546367482805140858e-02 8.226643573912889584e-01 1.667955662399255717e-02
-7.584409526317412165e-02 1.371857250152879737e-01 9.480716178231252816e-03
2.587215812886819455e-01 9.891771706650586138e-01 4.412832228397572769e-03
1.946448064899380104e-01 1.005506407882813535e+00 7.361527620422498620e-03
8.927467013398882045e-01 9.910703575476957905e-01 -1.996216606705769961e-02
1.090652067860332364e-01 9.910862167152393321e-01 -2.564158196632784423e-02
-6.689157553314233062e-02 8.871088300473782828e-01 7.624766300665131516e-03
9.156391670065275878e-01 -7.879666420609384714e-01 -8.619417292027286778e-03
-1.104580861268621428e-01 1.958394689646471287e-01 -5.094833777486257667e-03
9.060924224612453282e-01 6.634692281960652416e-01 2.660356311379123012e-03
1.450651997656989545e-01 9.939093463050662214e-01 -4.004443255168681215e-03
9.202210589413253317e-01 7.311758295235706306e-01 -1.491165744418640644e-02
6.277133566244830210e-01 1.001288250567440752e+00 -2.963798553472901665e-02
8.830454997042316290e-01 -1.443074443950841945e-01 6.458496381535051801e-04
-6.205070276075792812e-02 -4.556285272795443930e-01 3.579503016192669279e-02
-3.939713788401112693e-02 9.872320353701604656e-01 -3.179761771194824366e-02
-7.304308753368822515e-02 -9.754267136369441926e-02 -2.107039167335341204e-02
1.204756787095678100e-01 1.001978029847664153e+00 3.199772911385184715e-02
2.286733607218414122e-01 9.909692010643498250e-01 -2.148610074164374051e-02
-7.501809174697929294e-02 -3.132613303981015007e-01 2.895470984961194885e-02
-1.577903619736725077e-02 1.009916332452325261e+00 1.618731508950024909e-03
-9.581804629494854175e-02 -9.201473768937836750e-01 -7.123764423165616574e-03
8.869575037000551054e-01 6.987268243125733802e-01 -5.914733165479338708e-03
9.112130730064300632e-01 -5.171469525911960297e-01 -3.114450436202011174e-02
-6.629224532281059734e-02 9.955938958878639555e-01 -5.569566374641824261e-03
9.313813550212165504e-01 1.777352772131544634e-01 -2.035733240511267833e-02
9.111189978342847384e-01 5.250650498146460787e-01 -1.438415466870418546e-02
6.071714097508785768e-01 -1.022493471773270324e+00 -1.973848843036585601e-02
-8.498122415979743327e-02 7.502418490932249995e-01 1.173291551445234011e-02
-1.037708626063859052e-01 -6.191701961241126151e-01 -3.761143545013680839e-02
7.550429496022381670e-02 -1.006378220697688564e+00 -4.047812599841070502e-02
9.280453593523750877e-01 -3.778904315590281837e-01 -3.570602218534005973e-03
9.477032743771289791e-01 5.805120411139460534e-01 -5.249001657645245567e-02
3.314919546982295628e-01 9.891269321132373227e-01 -1.481099088559378191e-02
8.871560564999448895e-01 -6.375217059228566185e-01 4.895082645694253526e-03
5.028596264350153611e-01 9.903857900869122988e-01 -3.296940443285271277e-02
7.394572804275079125e-01 -1.009023547511010532e+00 -1.715092020315526697e-03
-7.071089824997899009e-03 -1.019303910260298762e+00 2.871815816352562591e-03
2.694466373636110815e-02 -1.033482950847012471e+00 1.484882399357038973e-02
9.110631539972250392e-01 -7.516599602728394336e-01 1.261374142992601789e-02
3.516424659493428556e-02 -9.990363229166679959e-01 1.297230053878540429e-02
9.103273111990153321e-01 -6.939858045062137215e-01 -6.292340430203290525e-04
9.314111206662487596e-01 -5.738416802850629939e-01 1.225804887186436251e-02
-5.713068040124758690e-02 -1.001625758136135191e+00 -2.060295515995980067e-03
-7.245937369017947660e-02 4.767809154866327059e-01 7.862934753190114687e-03
1.084752836691609545e-01 1.000038269137975222e+00 -1.879148124504497613e-02
1.324649934929193057e-02 -9.884926251621038995e-01 6.033755235051090765e-02
9.072011885863826564e-01 4.511610896537234794e-01 2.615477498206618054e-02
-9.651748143308215566e-02 1.334266401978214875e-02 1.096585836779738303e-02
9.315737491913536061e-01 -1.993222054615290673e-01 6.917164201147556896e-03
1.004081715098571886e-01 9.970851253810555370e-01 3.725027191275909894e-02
-5.920290322084990897e-02 4.729115701619457379e-01 -3.176386061497463859e-02
7.993158709618554125e-01 9.873399950378071166e-01 -3.964352438507095198e-03
1.622072908062807794e+00 1.592488128099209810e+00 1.295667005162744190e-02
1.880153599306947143e+00 -2.621668422961195510e+00 5.081558311069386824e-02
-1.444967798248685265e-01 -4.275203393190571965e-01 -5.968502515116196755e-02
1.377682814545401868e+00 3.011247649958130879e-01 2.442170178805000424e-02
-9.922534620919544190e-01 2.693859279526362727e+00 -6.713320638140703178e-02
1.364754587502470695e+00 1.162999103716689575e+00 2.512749069971637050e-02
1.259068096972755235e-01 -8.650698163485550651e-01 -2.189297186862293465e-02
1.168477189445741082e+00 -2.894877367343586805e+00 -2.098841846435911540e-03
4.903659929903270154e-02 -1.969080567983820806e+00 4.115685331221083376e-02
-4.037161188286869651e-01 1.025572268381723440e+00 1.565420633860628574e-03
-6.393141929844219362e-01 -2.346334280239713799e+00 -6.230832733453606220e-02
-4.261109595455168098e-01 8.221213153299551379e-01 8.347735867757519190e-02
9.157480904038890479e-01 -5.665355430670393488e-01 8.897967070495707564e-02
-7.113441571783407635e-01 -1.501367422295783571e+00 -1.085246008717036248e-02
2.256315091591682975e-01 -6.929598794135438666e-02 5.211330103748398890e-02
1.318292824704065502e+00 1.332024459961853147e+00 8.820426237373404921e-02
1.689162839177977382e+00 1.645939904672689025e+00 4.742219437140512972e-02
-2.578675436160901002e-01 6.813608404827711240e-01 4.692164040402410641e-02
1.706387078522929812e+00 -1.158970504794187839e+00 -3.159645353603052209e-03
-2.155249788447212156e-01 -2.067482288169697924e+00 -4.160368062148869783e-02
