-2.055362618207827452e-01 1.008073552492921188e+00 -2.367980939188241119e-04
-2.085206045237141814e-01 -5.056755707009104039e-01 1.433480928496623985e-03
-2.088560722336695596e-01 -9.069324605708781739e-01 -7.866800872284721632e-04
7.920719494931079963e-01 -1.560937470299533503e-01 1.696088898172069467e-02
6.573891018953166299e-01 -1.005831880246865540e+00 -2.435563353758674401e-02
1.698661421941354555e-01 -1.002414453984513232e+00 -2.555168970875735385e-02
2.680168153717654711e-01 -9.721707141720962175e-01 -2.706792150515885745e-02
8.225343520705564737e-01 -1.292446703484881332e-01 2.127121907182714933e-02
3.587218069132468434e-01 9.966404324009014992e-01 -8.388759703489637176e-03
-2.190769316169921543e-01 -4.271112617171543557e-01 -4.758638207942285370e-02
-2.178324154122497913e-01 3.385610979574156798e-01 -1.232373136452965569e-02
7.913047668176379501e-01 -5.267010871517220361e-01 -2.015320237837527409e-02
7.988734537946216019e-01 8.317913166035829642e-01 1.963732025098460093e-02
-6.375375002644941003e-02 9.906947136692964007e-01 1.068702023636587499e-02
8.209839927762376810e-01 -1.960087729280833579e-02 -1.458067658368988884e-02
4.501374293749212385e-01 9.919228094451406630e-01 8.725263988215921016e-03
1.611019893195365371e-01 -1.004490334089124692e+00 -3.666703935701348671e-02
-1.551614450885747398e-01 4.251197238718164018e-01 -3.607052555136266991e-02
-2.515315050130892960e-01 3.440952605226789696e-01 -1.737508985949872548e-03
-2.020918951806487951e-01 -7.429598318618343411e-01 4.536832198638546948e-02
-1.089658392866698633e-01 9.957223802879315855e-01 1.467081156045957802e-04
-1.328808535830793003e-01 -9.889675735790465216e-01 8.647440184311818573e-03
1.181186600422039767e-01 9.707862181213573471e-01 7.282184914727196038e-05
8.337309649367030673e-01 -8.616169161788737874e-02 3.085414094522668030e-02
8.285737427370682973e-01 -7.002199836929301480e-01 2.923718249374762310e-02
8.040919389278818885e-01 3.062467503079113196e-01 9.533911827189945828e-03
6.280189668306523920e-01 -1.019706764522280817e+00 -3.013111496978210235e-02
6.638769135816980915e-01 1.006649160375251872e+00 1.907726251788632518e-02
5.459229371303491174e-01 -9.793370025257346345e-01 4.568932385506389166e-02
8.096525560673962785e-01 -1.443986511200976708e-01 1.579484671733769822e-04
-2.279127265676080261e-01 -8.017330021769768500e-01 3.355960592912115431e-02
2.515947154459178825e-01 1.010654818192249005e+00 6.586433732668708733e-03
3.471677812520104212e-01 1.025120446579401268e+00 2.756048795377355476e-02
4.231502821090977196e-01 -1.004071367586478303e+00 4.193092912499785628e-03
2.971388533120398190e-01 1.003260045666386047e+00 1.102345292811422739e-02
4.061954574404372798e-01 1.015764192529671206e+00 -1.254578135840240562e-02
6.146606631830014988e-01 -1.019941664569101958e+00 -1.884683000985086911e-04
7.859360537963214766e-01 1.154299783549640052e-02 -3.542181143946137450e-02
2.715992584831598000e-01 9.931045568335166163e-01 -1.213173151031542640e-03
5.868151360683433460e-01 9.892349283539849658e-01 1.221335340329984809e-02
8.377539578190235092e-01 5.874258726104822914e-01 1.779633096285833382e-02
-1.587964611274121085e-01 -9.922632587973031493e-01 1.006731049575406572e-03
-1.443462493131371094e-01 -9.978112604235883643e-01 4.815779258669100095e-03
-5.601404177913241883e-02 9.816602364905842038e-01 4.180052013424410094e-03
3.992920528453922091e-01 -1.032249506818645690e+00 6.623912845340486008e-03
7.791244161990685813e-01 -9.233000206048233016e-01 -1.338815916807524790e-03
3.984231456912362690e-01 9.791616793880024705e-01 5.705119666394822125e-02
-1.001013896104269163e-01 -1.035884435520476377e+00 -1.630219758101637481e-02
8.266959960163140497e-01 -8.131514543412812213e-01 3.910489468568788957e-02
7.975952357054810760e-01 9.174068946054214635e-01 -1.000467514223321065e-02
-2.032017642973433513e-01 2.504434212404443305e-01 -1.080571094211473480e-02
7.788788821908643190e-01 -1.003484069933832101e+00 2.729892962367591949e-02
4.248634392439815111e-01 1.001676464398940203e+00 1.721820815735962060e-02
7.735361942225734699e-01 -7.858172396983910124e-01 1.387678565850263522e-02
8.450656737875249513e-01 -9.091656241946121098e-01 1.234308411521514368e-02
-1.924806035036489837e-01 5.099227961064753956e-01 1.786893779958070513e-02
7.832218751021943204e-01 -8.542417439922915523e-02 -3.385811800798265575e-02
2.269093413389975389e-01 -1.007401823153867060e+00 7.786780602547973412e-04
4.035017116349364774e-01 -9.913932745390455770e-01 3.240746867097294565e-02
5.968659616135889578e-01 -9.921841689127038899e-01 5.286683745657010450e-03
7.960257903225220755e-01 -2.500386361677370828e-01 1.741114115876388202e-02
8.025400128742122829e-01 7.903785427580364287e-01 1.171975652238363939e-02
2.052751108935398083e-01 -1.003361206410600337e+00 -1.414439015183435863e-03
8.253722834582145618e-01 8.600595187295080324e-01 -7.552773991170141227e-03
5.413401021414907532e-01 -1.009657950497871770e+00 1.275481447200038296e-02
-2.164654522695934891e-01 -6.552816993902965681e-01 -1.418439365409074164e-02
5.649007423064478228e-01 -9.795027644592887439e-01 1.646262166520888470e-02
7.773685863279805597e-01 5.357565422503166586e-01 7.694134610757255577e-03
8.039690416628554326e-01 -8.558836404476364290e-01 1.396060601880623822e-02
4.904886535223474953e-01 9.485860294806055526e-01 -1.808259525049584968e-02
2.251475459344558228e-01 9.912744105232929037e-01 -1.108184188075572903e-02
7.759617703241239450e-01 -9.364695895026549088e-01 1.900523343597477696e-02
1.309447226972208500e-01 -9.824861353800626862e-01 1.508540627321852332e-02
1.996741031742843286e-01 -1.000770096841540058e+00 2.323931102717145120e-03
1.964913406669089035e-01 9.998272276074905429e-01 -2.112057358437854568e-02
4.777941036141079012e-01 9.970997799642562498e-01 -2.525051151848090383e-02
-1.912446841119825880e-01 9.213202591794916740e-01 -1.708637892570919262e-02
-2.081354417762355247e-01 -2.834248178590215717e-01 6.817513245507508292e-03
-2.154943935478667028e-01 -4.794007117052340172e-01 3.190311107434172511e-02
5.596610405819746337e-01 -1.014181988116628297e+00 4.158052105187306537e-03
7.536095454534467164e-01 -9.752242393847004864e-01 -1.980328137611286551e-02
-1.784919931724153197e-01 -6.759572261232371648e-01 -1.237427927031530244e-03
-2.004497620868431473e-01 6.650657159192534529e-01 -1.335822907729780108e-02
2.343314925992683873e-01 1.016638122026486624e+00 2.161285084302210641e-02
4.971424629964534825e-01 9.836139740676596022e-01 5.097582195726872885e-03
8.413106976508961665e-01 2.429785692044117429e-01 1.103275844757497549e-02
8.089629628736193512e-01 3.469837493827808150e-01 -3.549078538488708440e-02
-2.197123068272422569e-02 1.022392546661452739e+00 -1.524152549008739050e-03
-2.271702821422270924e-02 -1.011821972254394186e+00 5.057417787382164492e-03
7.863073943063014770e-01 -8.499946599686863946e-01 -1.121463496863662861e-02
6.144209112194979339e-01 -1.012599454899752116e+00 -9.215040761638947087e-03
-1.753591493724306616e-01 8.257767164002216553e-02 -1.628415901894879683e-02
-1.735030355862857421e-01 1.696489339909208055e-02 5.234095481503107591e-03
1.898756838631846522e-01 -9.985551726718734367e-01 5.150020441107063147e-03
-2.087506663145058672e-01 -9.149709282375013686e-01 2.081060060726306477e-02
7.935574276021705176e-01 3.650500965294168343e-01 -1.984652698320495123e-02
7.567315889092387504e-01 9.927912878616980130e-01 -1.660419257900044854e-02
8.306199259336733975e-01 5.738043020243103198e-01 3.651252364989731811e-03
1.071883891724013382e-01 -1.024004820502117941e+00 -5.028176391995375048e-03
4.765904773121995008e-01 -9.939018141585655997e-01 -5.486224670162825889e-03
3.067835749083239749e-01 -1.006570558598886889e+00 3.303868781136500704e-03
5.050480628328282151e-01 -9.873369072983947392e-01 1.390852133834786499e-03
3.101157791405068087e-01 9.910547873580766165e-01 -3.341461386759884272e-02
1.205629215087644368e-01 -1.004283985362178555e+00 -2.920778227272047278e-03
8.235710596339798073e-01 3.507726126309298476e-01 -1.558581849872656307e-02
1.814888447674470329e-01 -9.932148266208060683e-01 -2.939831349022137968e-03
5.050203244426737514e-01 9.661253062493048160e-01 -8.665533875875368764e-04
-1.772935997436379252e-01 3.391478386169589077e-01 3.606819336817705494e-03
3.123474625344141442e-02 9.654184275494314127e-01 -1.066924808110524328e-02
7.878718596651015371e-01 -3.077775224457013348e-01 -2.022274161281482907e-02
-1.695957722352894881e-01 -3.314636362275154013e-01 1.816148392385549468e-02
-1.437354862264778876e-01 -1.017488660205378759e+00 2.475686605672320403e-03
2.473893757095881329e-01 9.818925150202189034e-01 1.871325683262373835e-02
1.435478211752091171e-01 1.005208875562818127e+00 -3.132506721067660621e-03
7.066760256601950507e-01 9.887878195587268548e-01 1.770635124046922304e-02
-1.734501996372430077e-01 6.412864827585035288e-01 -8.547633355137062780e-03
-1.542503111085686274e-01 -7.600889466451608012e-01 -4.612723495370244821e-03
8.170129948817594912e-01 9.640040422085476290e-01 -1.148491488340843032e-02
-2.007707255714278605e-01 9.852848456535845401e-02 1.529182776394777052e-02
-1.826847486483881844e-01 6.780594657588412399e-01 1.260898610519335487e-02
8.309523229860223958e-01 2.461331670019537565e-01 -2.205226796569383085e-02
-2.382936432081900202e-01 8.519647655766915406e-01 7.842222964778185548e-03
9.166052529336614352e-02 -1.017655066263077668e+00 1.658538149637454190e-02
6.176481840295692388e-02 1.012796727543327169e+00 3.436949958430404045e-02
1.451859311259640073e-01 -9.663596571433693549e-01 1.354349986676681161e-02
7.687847185156633234e-01 1.013153455819982840e+00 1.046684922252988197e-02
-2.163921615147766930e-01 8.892454995353231695e-01 -7.689888358515836568e-03
8.085393115817822718e-01 -5.111308237156851897e-01 2.783270759164901617e-02
7.493851599232158600e-01 1.018728634697269264e+00 2.323421456612777963e-02
5.910369357648431743e-01 -9.880417095872215949e-01 4.417778872275067437e-02
8.212824186278879779e-01 6.345715208066871060e-01 -1.582114013221090154e-03
-1.260930980179909289e-01 -9.673765617315946974e-01 -1.239411110640609333e-02
5.463585207031861346e-01 -9.795776693344327990e-01 2.693060076409532072e-03
6.521437059324841634e-01 -1.011406356145547525e+00 2.609532311867339416e-02
7.616691248321604268e-01 -1.002579107334878650e+00 4.324218021517229303e-03
-1.969067632577243820e-01 -1.029125800003820368e+00 -9.974009397606694791e-03
8.160489058649808003e-01 8.451968459722237759e-01 -1.467054590037155867e-02
-1.998665383996129641e-01 9.674132660324846755e-01 2.162065914670309799e-02
-2.784833075771582164e-02 1.019701907031432375e+00 1.051957608830189454e-02
5.175497314748755961e-01 1.019285682108985513e+00 -2.994621687605450487e-04
6.104098552954952961e-01 9.979612582966939094e-01 1.132346567100611483e-02
-6.748110443080647392e-02 -1.029831247441798325e+00 1.364080568722547508e-02
-1.912348512929166189e-01 3.930651897090445823e-01 3.847027957793517500e-02
7.860062040388070548e-01 4.576600103917485285e-01 -2.995082747190108788e-05
7.631164658928736300e-01 4.136075308022284930e-02 5.030937610659769361e-03
-2.194558104646004981e-01 7.261019131535709770e-01 5.124194634250116981e-02
-2.016284432926490344e-01 2.051126952200625353e-01 -3.875955515452558786e-02
7.159284473841960594e-02 1.004800508162185801e+00 -2.990305529354634478e-02
8.060990010795799909e-01 8.954451477127102210e-01 -2.507103721059133344e-02
7.717474004469377924e-01 2.363563442794293090e-01 -8.581662307496696826e-03
-9.436232016782333809e-02 1.012705912125302810e+00 -2.117610074434151789e-03
-7.627193768511729421e-02 -9.815589276668440499e-01 -8.224216700943068684e-03
-1.893412375493208899e-01 -3.164952021487567047e-01 5.010424795567895717e-02
5.564259366111750094e-01 9.648640898719623715e-01 -4.119887205029654914e-02
-1.946293602712332316e-01 2.633826688088427015e-01 -2.788116693138956506e-02
8.151870969338752548e-01 -8.873575284116982376e-01 -1.009557350983860714e-02
7.808618029701107632e-01 2.003091284788321991e-01 1.341656739437362784e-03
-1.569731383491536070e-01 -4.141358099555847994e-01 -1.599711336067569795e-02
-2.241619834687789414e-01 -7.946091221361369084e-02 -1.392775353475720138e-02
3.069495820101996730e-01 -1.003228298137444519e+00 1.386742751648047979e-02
7.957802520368144616e-01 5.679516346596118481e-01 -4.530709988554651067e-04
-2.066943010826323979e-01 7.304889649481112190e-01 -1.274377917344544225e-02
8.221915730116069465e-01 -4.271712117930251407e-01 -2.728757006324858403e-02
-2.450619551138543961e-01 -8.923330458607277027e-01 1.325542893555859379e-02
-1.762881809306446890e-01 9.685696464200156397e-01 4.235411934596697986e-02
-2.208591618842176696e-01 9.548708456597717609e-01 -1.980032495449402311e-02
7.790045897199882052e-01 -6.644419308294245985e-01 -7.464003633829061589e-03
-1.515301064340016379e-01 -3.183656805471526963e-01 2.416849596923948545e-02
7.643803721914896876e-01 1.022193364880535027e+00 -1.618168313675124844e-03
8.092523543250641493e-01 -4.638204623604589294e-01 -4.318892197113058905e-03
6.783480805659637403e-01 1.010388468407460660e+00 5.165026405227629569e-02
5.391060393703934750e-01 -1.009976092246744450e+00 -1.213849560562168216e-03
1.142759235886007529e-01 -9.624009150989658590e-01 2.839437983440757166e-02
5.551294405823790079e-01 -1.023709764065308336e+00 -8.730902119477215034e-03
7.995386205820432801e-01 2.084449782920898275e-01 3.877088849135962301e-02
-1.815081082337158536e-01 -4.558646770483633093e-01 -7.076257502880018736e-03
-1.557751979316730206e-01 9.885263757781201921e-01 -1.594900396441946769e-02
-2.025762513081409144e-01 1.567691899915813203e-01 -3.006519550453035095e-02
7.818053479031785713e-01 7.759776461658961511e-01 -3.299927302045130295e-02
8.068907047048746728e-01 1.146184818551875817e-01 3.785928066447907976e-03
5.568935436956022264e-03 1.000271158712949804e+00 -5.179345631586503712e-03
4.057260292355852060e-01 -1.015643660901966117e+00 -9.586259216651571435e-03
-2.135631177227867994e-01 -7.719726206284092118e-01 3.632257012381681031e-03
-1.444210895263108585e-01 -1.009284623808894166e+00 5.261466984175995273e-03
4.874891688220739927e-01 -1.027652773499881933e+00 -1.884889493762191906e-02
-2.208066726392495238e-01 -7.708518839239740794e-01 -1.713992012350449429e-02
9.479880948105171012e-02 9.894698525074913098e-01 1.235796159053988846e-02
-1.711384878310298896e-01 7.583585028315841248e-01 4.249005930842222195e-02
7.745867087813054219e-01 -9.262186145245125679e-02 2.164018490951305843e-02
7.774242042314374324e-01 1.287830632149191967e-01 4.045781296127772680e-02
5.862185626287544915e-01 1.027247976206107749e+00 -1.726863543318556821e-02
5.240388582350524738e-01 -9.992637812962434918e-01 2.853435760245406905e-02
6.843477390451775388e-01 -9.900631099086540932e-01 -4.405038839985094511e-03
6.605857888753984275e-01 -9.686060850849009807e-01 -3.102463170652739258e-02
4.992086605843631952e-01 -1.022047919240889780e+00 2.216425100793900996e-02
-2.169817884843453504e-01 -8.360290565331833790e-01 -8.825751573429329797e-03
1.315223084464473280e-01 -9.657762124021002093e-01 2.537023343077988644e-02
7.756650467711921904e-01 8.042008931266120264e-01 4.000125150539499824e-02
5.596159757526213419e-01 9.853768925046844096e-01 -2.665576062480023642e-02
7.427520434409167205e-01 -9.956194474429467256e-01 4.530746202375880022e-02
-5.573485118336649613e-01 2.034203633075701845e+00 7.371216668950383855e-02
1.670799578409758457e-01 -1.717010465771419581e+00 -3.037871760177866809e-02
-1.142466726087553619e+00 -1.725347415302577403e+00 -7.006550942423009354e-02
3.663716593252981379e-01 2.331892262429827056e+00 -5.797015826105433867e-02
2.641903192188532756e-02 2.780395971612685813e+00 9.557357780825131988e-02
3.366372958704124674e-01 -1.480419023421650770e-01 -5.400167621173861815e-02
-1.054923319458269226e+00 1.302105577434801376e+00 -6.613756462737235831e-02
-2.414195555865153997e-01 2.325044346040452403e+00 9.333056252178817402e-02
6.241187911274110878e-01 2.780353503747345911e-02 -3.166616743797022460e-02
-6.597554420269822195e-01 -1.515914846414516681e+00 5.512110627389271711e-02
1.185622653264746473e+00 -2.054301586079386066e+00 -9.004746632113316829e-02
-6.259988376062569637e-01 2.162479818756776417e+00 3.450184565674088710e-02
-6.995161057992457243e-01 -2.097357962837527623e+00 5.179346272888235569e-02
8.363374801495606636e-01 -1.850200603832037771e+00 2.085894057637080468e-02
1.336899195570014021e+00 -2.633655418458300090e+00 5.245382744472240621e-03
4.111818612684976504e-01 3.819990295412978298e-01 -2.756868843696046179e-02
1.547126025551779138e+00 -4.566473372232442429e-01 -8.984484273400637766e-02
1.434884120318222767e-01 -7.936213957762916493e-02 2.676431139430587858e-02
-4.719967575178477537e-01 -8.005466821901432439e-01 2.632662332386620507e-02
-3.012996693869773868e-01 -4.866150492525900262e-01 -3.121481179545296247e-02
