-3.212372792579742398e-01 9.929491703558143145e-01 -1.569941933280203511e-02
6.789721247344220334e-01 5.337495106505516507e-01 6.741754786372579009e-03
3.098181970566910026e-01 9.875675191748507498e-01 -4.733111169160459861e-03
-1.156364038211873113e-01 1.037663968486060240e+00 -3.417499254596445980e-03
-2.998969926147738718e-01 9.742734782508534197e-01 -4.136208893621561022e-02
-3.511196769525013472e-01 -5.815162983972893551e-01 -6.092739042565848209e-03
-3.517159571737297763e-01 5.461957175879255111e-01 1.357391161806912640e-02
6.434426258144444466e-01 9.813464398139637446e-01 2.065312253739378517e-02
2.800825442743445914e-01 9.498083533870320672e-01 9.916790522540294001e-03
3.692096386886814519e-02 1.038894504344563208e+00 -1.158835551076643246e-02
4.274080494898744864e-01 -9.776560679188761593e-01 5.776506394087266121e-03
-3.309999577514112779e-01 -8.306129114506366484e-01 -1.071287326832800514e-02
3.547413969729983907e-01 9.778000476418186038e-01 -7.120456755378500036e-03
-3.457563562523534584e-01 2.028255009578628920e-01 2.722759228628148474e-03
6.645784643058392227e-01 9.047325109552488698e-01 -2.556914385453607289e-02
-3.351251408117226216e-01 5.531641412566571381e-01 -4.652962406826880414e-03
6.242316869380533095e-01 4.825019520385651073e-02 4.180425046609535789e-02
6.862168625793585441e-01 2.221262190380223212e-01 -2.341945495683846537e-02
3.025134499152553058e-01 -1.028631800313751343e+00 -2.428831674527676555e-03
6.621435655217319249e-01 1.557939074062323348e-01 1.447467551156211840e-02
-1.867163401749509510e-01 9.876955325690880416e-01 -3.228276724316743451e-02
6.590960567519891233e-01 1.937092503389430120e-01 -2.920099402239514187e-06
6.988757356340694615e-01 1.261680127923927308e-01 -8.141330765263268127e-03
-3.621702560322040965e-01 -5.674790630680801584e-01 -2.179407631878479187e-03
-3.503191409357523378e-01 6.828209990277479546e-01 -4.077756920351960530e-03
-3.335740129128426101e-01 -2.191015655004947826e-01 1.718373374879261090e-02
6.269482856107548852e-01 -8.921906310232272652e-01 -3.489830472133111094e-02
-3.608629855502213934e-01 -5.443999503911297611e-01 -2.278314705592155917e-02
-3.622863886320298876e-01 -3.507541666576374784e-02 -9.495582126770830619e-03
6.618714687644011718e-01 -8.322052955676197128e-02 -2.044807923209761985e-02
-3.580663224429824210e-01 -4.232698128258129966e-01 2.349880256683722565e-02
-1.909439753790563299e-01 9.945703422596312571e-01 1.454753985843392459e-02
-3.321811412298948385e-01 -9.830101229383910733e-01 -2.998943741911376526e-02
-3.281071931758940408e-01 2.297102219090919883e-01 -3.621171125901721192e-03
1.944051733008158034e-01 -9.611810895151485790e-01 -1.632205729013591275e-02
-2.577991247879278802e-01 -1.034378299791200773e+00 -1.115601336069754583e-02
6.199132154374421555e-01 -4.450139181909262484e-03 -1.266770822475282027e-02
5.581135367143300052e-02 -1.005285128661994598e+00 -6.992023975516078495e-03
5.968702824156182363e-01 -1.014335932090388637e+00 3.976293561829512811e-04
-3.555751200403383661e-01 6.445359085735414828e-01 -1.755446456699193830e-02
-3.626507239948119632e-01 -4.193433611854361365e-01 -1.822889792371737080e-02
-3.305948532917690752e-01 9.696115001449507886e-01 2.373431086357551817e-02
6.436280664714814082e-01 4.364346515173073149e-01 3.129340432102029057e-02
5.724387773241526034e-01 -1.028066159382365008e+00 1.489643366565761122e-02
6.258733539998555528e-01 -7.616148371750671719e-01 -1.321892092571373386e-03
5.921463265996602665e-01 -1.006259498641464134e+00 3.551805956458532060e-02
6.573447386905113543e-01 1.043707514336706665e-01 -2.528810571609742611e-02
5.948799205119049693e-01 1.024760869780825923e+00 2.136489143160031148e-02
6.474638563084809117e-01 6.902187485321054083e-02 -4.637623614317042120e-02
-3.414606412916489919e-01 -3.555459495498919376e-01 -1.034530577358005023e-03
-3.475782371895139167e-01 8.465292212854290677e-01 3.572116826884153690e-02
4.166738906082769756e-01 -9.857972424852364801e-01 3.424666080882032143e-02
-1.089203358588685944e-01 9.875937534608377755e-01 -1.708027472954575660e-02
6.621940051874470878e-01 2.787800495128363032e-01 -3.152645410015340183e-02
6.486899451793636251e-01 1.728943331577627585e-01 -2.053827859597243902e-03
-1.367059620486456295e-02 1.009644991598100727e+00 4.660368576579396009e-03
3.225278881520207697e-01 9.693031649596577370e-01 2.583925772784436206e-02
5.328925841575352651e-01 -9.731433971516354475e-01 3.489390581851738171e-02
-1.515901256773667105e-01 1.014417537886804110e+00 -3.669327090181253529e-03
-1.711349809712699732e-01 -1.027984109542761093e+00 4.121796998583233951e-03
3.939996118045890894e-01 9.664937441981541477e-01 1.162553487345469733e-02
4.457477314812930413e-01 9.833182389188964700e-01 -1.449215488089390658e-02
-3.155954586732147016e-01 -4.171557451894630786e-01 1.608603583494193356e-02
6.551122536110630667e-01 -1.011676839197205968e+00 -1.130781302918894629e-02
6.670406935553723216e-01 -2.352817318281542336e-01 1.563719316968819467e-02
6.783229483248272018e-01 -3.076844063175972477e-01 -1.076287863877827509e-02
2.471998751300139296e-01 -1.000232297258163872e+00 3.450546309866767830e-02
6.530474666589284327e-01 -5.084355373868333361e-01 -2.180883692698455667e-02
-3.294035920384378868e-01 9.910861316319287129e-01 -3.942868197246466450e-02
6.007962325294018413e-01 4.419749307090222179e-01 -3.501307870643586423e-02
6.580041954860181841e-01 -9.813122467482422451e-01 -1.365878876476603332e-02
2.991961291990384297e-01 -1.029068862955737629e+00 -5.661553913008792425e-03
-2.370187332791724999e-01 1.015210322726565861e+00 -3.069391915773047111e-02
-3.093353009237903017e-01 1.011645462430986742e+00 1.905235226072464830e-02
6.682740640979720759e-01 5.393856571255328108e-02 -6.175096313829881930e-03
-7.120697406383090511e-02 9.906117380897392355e-01 -3.562083954711932083e-03
-4.761874100917690839e-02 1.009721346481227133e+00 1.095242567435900267e-02
3.797558625488459128e-01 1.023531426732468885e+00 9.134872168888884258e-03
6.437135240136127035e-01 -1.475333175877958924e-01 -1.123255547939200257e-04
-3.331266467323560909e-01 -4.317839873008398333e-01 -1.774341505345528383e-02
6.469976750673449573e-01 1.521669640678028623e-01 -2.508075988521731286e-03
3.177155878620981366e-01 -9.859968303896661235e-01 2.626514123985975065e-03
6.453573907648907371e-01 -2.489391528536075704e-01 4.465174741989465235e-03
-3.840236172974172413e-01 8.745435215442345922e-02 1.092059693043336346e-02
6.738702247364926068e-01 -9.750868656961737546e-01 -3.201949843213637743e-03
-2.921996273732752059e-01 9.642138644547132431e-01 9.814500854188660216e-05
6.526569322995003919e-01 -3.505534190483118595e-02 2.489795792357490326e-03
-3.186858320285460566e-01 -7.488142301132668655e-01 5.010503295433441084e-02
6.446101579359680978e-01 -8.726642659967398519e-01 1.924493044859846083e-02
-3.353103901762332084e-01 2.402584604654884048e-01 -3.260419668677248806e-02
-6.231367057117580266e-02 -1.023302727118023281e+00 6.716144448242221399e-03
6.706570114958464446e-01 5.596114171405235371e-01 1.266148197200245989e-02
-3.745912459680593720e-01 -2.122391910722575825e-01 -1.018672417063817143e-02
1.323694672696579810e-01 1.008978234948053387e+00 1.337312468560461487e-02
6.300942492847206866e-01 -2.885347089994477754e-01 -2.062526632602378063e-02
-3.549832005285923908e-01 -3.790036793876800925e-01 -2.372400359754860480e-02
-3.060304010414252596e-01 1.003215622487614311e+00 -1.690830695173321189e-03
-3.605217998039018656e-01 -9.214944800511628564e-01 -8.768411898603493959e-03
-5.296702126464509358e-03 1.023306645463126330e+00 3.935642717249716871e-02
1.633621184191753894e-01 -9.852696397495058767e-01 -8.686594363261425020e-03
2.978460628230205631e-01 9.819208447505538562e-01 2.505609324279012068e-04
-3.741354297364183346e-01 -6.086872145836669246e-01 -3.123933922733880802e-03
-3.268095069996296287e-01 -1.278503176236484573e-01 -2.973405206530518527e-02
6.438158442312293950e-01 2.392897693449055618e-01 3.276186388918486680e-02
1.295796286830616095e-01 9.724785387324775821e-01 1.824522524407923632e-03
-3.462694571490668727e-01 -6.420399690745897114e-01 1.699311828893143930e-02
5.370432920746013306e-01 -1.022231143797417863e+00 -2.324587934452691448e-02
4.231976324236554343e-01 -1.011841752526417837e+00 6.006274764096782015e-02
1.148055550705704975e-01 -9.938116247882178289e-01 -2.068036701625217220e-03
-3.512195747488380815e-01 2.304985766569959682e-01 -2.444871893321874309e-03
-1.625388390172768927e-01 -9.869563948684392241e-01 7.377757882389750221e-02
2.407900373248488823e-01 -1.023173364133481922e+00 5.735871733559704325e-03
-5.087731497721170726e-02 1.003890030825004498e+00 -7.549985958884594499e-03
2.179307379754614471e-01 -9.937636573128375561e-01 -2.654587661546692345e-03
-1.540397685113391868e-01 9.772315781181449834e-01 -2.048772810859993132e-02
-3.214994236672225059e-01 -1.005065987038875397e+00 -2.503633300723779546e-03
-9.526726934287765847e-02 1.019984779941147446e+00 5.610415174431522718e-03
1.204976773484657537e-01 -9.793048350031926530e-01 2.216477243361166666e-02
-2.549945888272443090e-02 1.028965876609428065e+00 -2.842431719362591060e-03
-3.090496984380973738e-03 1.039067498180068272e+00 2.292375848235068264e-02
-3.633479364590541660e-01 -3.019127205696485183e-01 -3.017464857128223168e-02
-1.876477477568972152e-01 9.956427621535370864e-01 -4.988896718220596320e-03
-1.799118616523309178e-01 -9.716355259303947056e-01 5.590157552828397972e-04
5.385272176503440589e-01 -9.924395789299147452e-01 -3.353652962046850539e-03
4.682538087359592316e-01 -9.931614026661482741e-01 -2.589291791584643482e-02
2.751336444223525385e-02 -1.000393494644390868e+00 -5.560596367925416811e-03
-2.989873090248386656e-01 7.926776244544508909e-01 -9.201570860310526873e-03
-3.448609913172768215e-01 -4.118780583278071061e-01 1.932715248874597794e-02
6.572717965552311581e-01 3.959246460967018322e-02 5.474445564164739757e-03
-9.301480135541217997e-02 -9.774818217610620197e-01 -1.825917114154152962e-02
2.406910054041795921e-01 -9.966921484242083906e-01 -7.508948272332357718e-03
6.312780268015287799e-01 8.275729057693478330e-01 2.885238816255990268e-02
-3.759656217329595540e-01 -8.389189713197563458e-01 1.879239906157214798e-02
1.587399699878625225e-01 1.037072619543640828e+00 -3.953259820217007448e-02
-4.014584453254646523e-01 -4.215262267960468434e-01 -2.654095448599182519e-02
3.156691138720744694e-01 1.010297688942608962e+00 3.611659615482513963e-02
6.401929508763044563e-01 -9.963876238976212552e-01 4.395993424808663022e-03
6.243161558565903935e-01 -4.354116137058594016e-01 -4.603501953877390564e-03
6.765679820832606328e-01 9.170385560715657025e-01 4.278003584653459167e-03
-3.383575525921556637e-01 1.231533389308060028e-02 4.450480279390667954e-02
-3.317485742011431205e-01 7.335512704255707783e-01 -4.985273623219353863e-03
6.234673794430294347e-01 2.925072764112919277e-01 -2.329777655085544033e-02
3.872112721713105166e-01 9.919672532497509909e-01 -5.703891863523158356e-03
-3.391089646525228263e-01 1.091287575890000777e-01 -6.629329180012965899e-04
5.470418893269843874e-01 -9.942606346278294316e-01 2.940851718994994674e-02
-3.701221631593308858e-01 -1.877924717953621814e-02 -2.451772132570679066e-02
-3.603025392295831075e-01 2.464238210879372490e-02 -4.727890480374908472e-03
4.496416101093001494e-01 -1.031874330627482017e+00 6.743198429057651114e-03
4.312795146101959243e-01 -9.902322576023115941e-01 3.806260704576019255e-02
6.535073283463488369e-01 -8.255470422946744602e-01 1.729374387456906331e-02
-9.288867058623477557e-02 -1.008278580347250264e+00 1.950287287481102319e-02
-2.221364122138250741e-01 -1.004859841853127378e+00 3.683320723180504019e-02
-2.621882769180413075e-01 -1.027047853845157732e+00 1.815675900559837047e-02
-1.470603093437620468e-01 1.008085876172862605e+00 -3.469460081291367293e-02
-2.338690700908396813e-02 -9.781984824357776720e-01 8.484795915636682631e-03
7.715378276973278160e-02 9.792766790746273431e-01 -1.606766778966050094e-02
-3.581299752412453463e-01 -2.462741124619567401e-01 -2.475478226457100694e-02
6.524951023907628045e-01 -6.807729117818481779e-01 1.603734900032335181e-02
6.016662079021469767e-01 -7.373403388841824890e-01 -3.200527612186376131e-03
5.405064524141001137e-01 -1.044351348422892567e+00 1.557352037759259303e-02
-3.201592205297321136e-01 -9.853312199555709361e-01 -3.501752339686634019e-02
-1.306957193413739726e-01 -1.011624522377842617e+00 9.052763610790283064e-03
1.866499086939322760e-01 1.029562723497441157e+00 1.786454903304809938e-02
-3.639307670170623954e-01 6.889604500453995195e-01 2.458801755986764898e-02
6.734282295112148375e-01 -8.418592580831334438e-01 -3.228562141232963617e-02
1.788070935561757724e-01 -1.015958265895805068e+00 4.018998651811172065e-03
2.262111263113869564e-01 1.009465393248841769e+00 -8.352893600154884680e-04
6.665234533250155025e-01 9.546821268409844130e-01 -7.459764746090308263e-03
-1.281161130568276574e-01 -1.025533012703760960e+00 3.193977402957352135e-02
6.528552160454298425e-01 -8.489726455283234108e-01 -2.117657947836813423e-02
1.481602657005365031e-01 -9.795978956794388903e-01 -1.203945094919526594e-02
-3.360796556000992807e-01 3.135172013641279731e-01 -1.104844719580361061e-02
1.504503630601209674e-01 -9.824162002334252408e-01 3.202943149342073886e-02
-3.721536952809592069e-01 -4.746527520764629027e-01 3.029081508744778384e-03
-3.406373875345486413e-01 -6.395600404121755123e-01 -2.999167655099002280e-02
-3.433925618362266285e-01 2.590788644358235637e-01 2.494806270149685368e-02
6.650686390580939911e-01 8.564808681038328653e-02 5.214936659014831298e-03
6.906178560712214476e-02 -1.019315616051542639e+00 -2.707596169734304004e-02
-3.516049987013238343e-01 -1.937604119571111061e-01 -1.200926501471115404e-02
-3.598899073240168223e-01 1.597813998585450451e-03 -2.381333508634166270e-03
-3.095478900707858069e-02 1.021481256257052106e+00 7.520029847848769614e-03
-3.324294440669943729e-01 -4.962456115498322107e-01 1.773059933097144436e-02
6.554550038861163275e-01 -2.560452149010117862e-01 1.708586366352152219e-02
6.134755515202958698e-01 2.703358003983891700e-01 -1.514542650998282509e-02
6.175637005814317293e-01 -9.699795855296760028e-01 -2.465915747468416450e-02
-3.437874223655598693e-01 6.149181723187886472e-01 2.431137809877198519e-02
-2.713669099863478262e-01 -9.657795891520045695e-01 1.464473620803698889e-02
5.155049641080571288e-01 -1.008945484484960797e+00 -1.551281344253930931e-02
-6.373456853341979977e-02 -1.027185638042423577e+00 -1.895418185244084411e-02
4.700426715698615698e-01 -9.689692575820494369e-01 -1.768258170631568232e-02
-3.515364186444375205e-01 5.968607398341051473e-01 8.617323122113548090e-03
-3.399832024406020947e-01 -8.774612278672896393e-01 1.231876841665892341e-02
-3.452277377869711894e-01 7.382022211030252468e-01 -2.950221717156572762e-02
4.952394633761072473e-01 9.798055556760039142e-01 -1.737891224278886523e-02
2.090555909283286773e-01 9.909146504766334074e-01 -3.180168806362050626e-02
-3.215720763523087222e-01 4.807915594116915492e-01 8.471388365554135408e-03
6.356548763838700822e-01 7.466690467434247136e-01 2.943260631984204873e-02
-3.254578828402280299e-01 -2.551109023147114518e-01 1.363310859347577342e-02
-1.931429739222874364e-01 9.915859497069392514e-01 -2.270299395783933333e-02
1.877340046859989620e-01 -1.043742999534126970e+00 -1.228684686070946434e-02
8.046740910012268877e-01 1.709634276459564006e+00 -8.114203337435231533e-02
1.433780953125589619e+00 1.217846051847473632e+00 -5.914211713957400612e-02
9.129986871380917357e-01 -2.685566051708118351e+00 2.461430538128743517e-02
1.533890868508801741e+00 9.545552103294872026e-01 2.833039183651880899e-02
6.296864699282864741e-01 -1.995171210840457787e+00 -7.240583707329031893e-02
-9.841066014128421191e-01 2.591126907890801689e-01 -3.847277242430633543e-02
-2.435130454315530546e-01 6.059556950209543658e-02 2.180250148944046229e-03
8.793494133233714649e-03 -3.142043091852420034e-02 -8.322580482006909641e-02
2.629081076317110188e-01 -1.560044496338420572e+00 -9.973381824392886508e-02
1.972549149412086145e-01 5.987546775179732883e-01 -5.792580159881324797e-02
1.167575595394116039e+00 1.500747332443413740e+00 -4.941724771948363681e-02
-1.530384585779800410e-01 -8.952260562644882569e-01 -4.951525342624818471e-02
8.805317402265955273e-01 -6.370198395756236920e-01 -2.154624032691651592e-02
-1.319735170616592956e+00 2.566196728965000062e+00 7.039430612250760499e-02
-1.190249927740571145e+00 -2.425709951443077550e+00 -9.732409321121966717e-02
4.355516181035277157e-01 1.009529846309471957e+00 -5.929742210965780608e-02
-7.696270336130606182e-02 -1.774906260266810643e+00 -9.556852562350043323e-02
1.444110930740180265e+00 2.600401305274813168e+00 6.044753584447798422e-02
1.457580730865549956e+00 1.278318925995755251e+00 -7.080324431000875607e-02
-2.189691469213588260e-01 2.427478541173701210e+00 8.984736523439590394e-03
