4.989548027658327056e-01 -8.171844784250695826e-01 6.322988166813310433e-03
-3.186564666283214220e-01 9.949447158431907745e-01 1.578624710195918046e-02
-5.020480178048516429e-01 3.454532133719673270e-01 2.379446548003837786e-02
3.434302382761280636e-01 1.014241570880564103e+00 1.945278971790278047e-02
-5.164179561879522762e-01 8.099879739333802897e-01 -2.993287441884394384e-03
-2.852952363479304698e-01 1.001217200134781438e+00 -2.000685249997694037e-02
-1.362709514918635512e-01 1.000840956900272083e+00 -2.577333514082383314e-02
1.217865358294209222e-01 -9.525394913211224779e-01 9.012606554886292559e-03
-4.848913093904911320e-01 -6.001248543407199099e-02 1.126804859070601635e-02
4.713149586654680756e-01 4.945850303969847039e-01 7.079265110657423712e-03
5.187335168023998744e-01 -5.204928421713755915e-01 -7.890625704936808649e-03
3.886352877195072830e-01 9.692769712127378146e-01 4.715794579435506127e-04
3.863331388927104260e-01 9.735911730598280078e-01 3.762307918959958974e-02
-4.667031005192127102e-01 -4.635316786815202317e-01 -1.771196781601755768e-02
-2.738602944814062523e-01 1.018532941028005068e+00 2.216795537157016487e-03
1.704878165376860766e-02 -9.878377845375846400e-01 2.391442704083526771e-02
-1.613091206147791723e-01 1.018888070215158370e+00 4.594504217095629140e-04
-1.847352799410249546e-01 1.035944886204559046e+00 -1.069528193114662948e-02
-3.450783817305152490e-01 -1.003976725736065667e+00 1.540304378415696934e-03
-4.202671841106186967e-01 -9.856071765361530401e-01 -1.395745633915825186e-02
-5.298894372855531554e-01 -1.762439063632687264e-01 1.800756724227256869e-02
-5.023422375320157895e-01 -8.013691629815500317e-01 1.721518755766911213e-02
5.124547528292514587e-01 2.683578207397646631e-01 -1.326004132661197724e-02
5.231509604094822796e-01 -5.685607236692785671e-01 2.580471747540297178e-02
4.968513028497182904e-01 6.748133642837124135e-01 -2.011405093895866913e-02
-4.253524126439467978e-01 -1.013902947342021577e+00 3.718132935984943383e-04
-5.622861830229838320e-01 2.702950388035322282e-01 -1.361615248204767203e-02
-4.730814896005473003e-01 4.894440893574286688e-01 8.234355861898894763e-03
-1.947015956402323444e-01 9.944411732918294611e-01 2.625235346157726857e-02
4.306907413369412962e-01 -9.691361835178439188e-01 -1.133415462084490233e-02
-2.946640681138973927e-01 9.982755700321779280e-01 7.790308686852039782e-03
-4.967360140009076108e-01 8.826269739507436318e-01 1.017538179380892381e-02
-5.104703243787310774e-01 1.630645837610655013e-01 -4.899007544492285822e-03
-2.004851143386227053e-01 9.825971906592907423e-01 1.072436270445201525e-02
-2.762359383080588704e-01 -9.855537870447507176e-01 -9.249323513562340490e-03
-5.496223556037164171e-01 1.443434373078876509e-01 -2.287348371037676784e-02
-1.103768441086214469e-01 9.885488832266450254e-01 -1.310427079259743853e-02
4.800629556603158155e-01 9.136737463216945132e-01 -6.110535764986755637e-03
-3.787412117493120789e-01 -9.594127959669882522e-01 3.717553363281901266e-03
1.827159434834491336e-01 -9.657633943322425640e-01 -5.121917636309402007e-03
4.900811341851261660e-01 1.400423621805172714e-01 2.893075408503634725e-03
4.844725189433883306e-01 9.710175886949288238e-01 1.391490561799459125e-02
-5.124587470820010093e-01 9.624535362519441861e-01 2.251061191060750241e-02
-1.571339442411796850e-01 -9.772857350085775163e-01 4.495845560917674510e-02
3.384452350665709264e-01 -1.003102910754676946e+00 -1.394961888019448197e-02
2.538139635993287291e-01 9.664748287970059692e-01 4.358312707545980609e-03
-4.805932677161299793e-01 3.115574937178240411e-01 2.079572647377402744e-02
5.004818632781786736e-01 9.490816159827164533e-01 4.246371503823069722e-03
-4.885542011815654506e-01 -4.723998775090087476e-01 1.325938698369860669e-02
4.739687334234835570e-01 -6.730773810116061351e-02 1.968053235488269673e-02
4.956692233690013771e-01 -3.741594699241466149e-01 -8.248777375739769699e-03
-3.997348770443886479e-01 -1.027349535503264910e+00 9.103760960153136489e-03
2.190701461879025203e-01 -9.616531536713515127e-01 -4.432033713800533070e-02
-2.263219430911272978e-01 -9.885507705337852613e-01 2.290370315331706833e-02
4.764442483307493315e-01 -6.921893959444909150e-01 -1.851803327703491903e-02
4.860593228937095667e-01 -6.932313147170239276e-01 -1.341598047176036784e-02
4.957646911353250085e-02 -1.006837250249630111e+00 -1.393515930526808416e-02
-2.302175539902293622e-01 -1.021572553792366556e+00 -4.510640312927014645e-02
4.851892072197120376e-01 7.933090330920408162e-01 -1.019199312834110673e-02
-2.966322128626898702e-01 -9.787294374910938677e-01 -2.684584235436105262e-02
-4.285888425516143352e-01 -9.763715278503801720e-01 -1.675484297036362522e-02
4.904987587896443291e-01 -3.024762747579445299e-01 -2.359197461503653726e-02
3.666491355424477128e-01 -1.004483155801138228e+00 7.585427263801096907e-03
-8.891640976176984346e-02 -1.014461630242869727e+00 -2.183466624634599826e-02
-5.033755030117347262e-01 9.091667524691571245e-01 -7.425204079666306023e-03
4.693345155999641832e-02 -1.016302511353982307e+00 2.978138982776967758e-02
2.377266754186913023e-01 9.768953373845182808e-01 3.193639148771713204e-02
-5.062786736798117193e-01 -3.014758220702363212e-01 5.241837314882373923e-04
1.649958214995883854e-01 9.754719902861267444e-01 -2.417135762402671667e-02
-5.372671705305105405e-01 -8.328788362099155407e-01 8.733111147101995514e-03
-4.064967999289594847e-01 -1.009747016594013891e+00 5.861819997293488994e-03
-2.069941579782119123e-01 1.026237294955415491e+00 -1.503241992743979856e-02
-5.019012931758786156e-01 1.083129817572372755e-01 -2.708284486139471425e-02
-5.051524511217502234e-01 7.640970104618857173e-01 2.784467054782009329e-02
-1.852230288339063169e-01 9.951026830165752290e-01 6.403816362360552480e-04
4.954880090285078142e-01 4.820154973582739255e-01 1.719715196767116969e-02
3.865918526388663623e-01 -1.029695599560389141e+00 -4.183791467971941652e-03
1.152085816723745493e-01 -9.666492247722558995e-01 -3.955254034084696932e-03
-3.986488622197706944e-01 9.844999505755208657e-01 -2.567649922880936141e-03
5.231587199728944260e-01 -5.935466199079754146e-01 -2.177598076680726386e-02
-1.265393523642650286e-01 -9.662656374095008882e-01 1.609941009923325159e-02
-5.034389144646754799e-01 8.297986528169930542e-01 -5.830803232110960514e-03
4.995916466369065834e-01 -3.862895898089808155e-01 5.278339342896536633e-03
1.591780247818590510e-01 1.012561395460567448e+00 -4.768616176947250949e-03
3.677689982282965619e-01 9.500196210391762541e-01 2.445761105290097936e-02
3.599088381541716841e-01 1.009178676277819431e+00 -1.998998575062141403e-02
-1.419460498837791518e-01 -9.911480758574872096e-01 1.202415142288721685e-02
2.705212110936182635e-01 -9.864954422730649597e-01 -2.580724878502427613e-02
5.375331509400647079e-01 2.876207133855619436e-01 -2.936140583446183311e-02
5.173149803108039180e-01 -7.083938753195856419e-02 -2.963716212511588455e-02
-2.807246909206825847e-02 -9.759634415097538929e-01 -6.739998963406901647e-03
4.043545253911841053e-01 -1.033896890374445876e+00 -2.172337703461238445e-02
-5.090093662305809064e-01 -7.533119412467511600e-01 4.632876863500503921e-03
1.257885798028640090e-01 -9.628198572585160431e-01 6.246967973824844519e-03
5.007859785693831167e-01 -3.922215051608956005e-01 1.656600450299393693e-02
-5.145271479765936018e-01 3.432962211152811305e-01 2.926739684835286820e-03
4.347751555153486769e-01 -1.013959655469973020e+00 -1.186923617717599959e-02
5.108084264661738594e-01 1.149760073213055012e-01 1.509753637387941001e-02
3.796122226425309720e-01 1.004786682079273907e+00 -1.135503612381107358e-03
4.765234922179005239e-01 -7.055240900432016016e-01 -1.255859336668633218e-02
4.924775304427170819e-01 7.213541807882828394e-01 1.895144566666371808e-02
-4.972006594456272466e-01 3.369132864841152819e-01 2.235109057886528611e-02
-5.311852724776977563e-01 6.484808506390625504e-03 -1.488440158812702994e-02
5.027981052392316297e-01 4.708763793452696578e-01 3.794740540812472068e-03
-2.726306526396879426e-01 -1.002224998040877724e+00 -2.716895062474319889e-02
4.422268453638256158e-01 9.712982644678045396e-01 -6.874871834837043526e-03
-1.205265014100723453e-01 -9.946073140943654245e-01 2.582611365196558692e-02
-1.874438147935648391e-01 -9.808844040202135961e-01 1.277645540857937946e-02
-2.959801545548896295e-01 1.012825687419423915e+00 -1.270160087660109072e-02
-5.101098216536390506e-01 -5.327701352390723510e-01 3.784098798359070842e-02
4.958506261159688067e-01 -9.168994797595875212e-01 -1.237561104833152879e-03
3.773006159878474625e-02 1.008035351683094660e+00 2.854681348693727510e-03
4.216269950295074009e-01 -1.007985075870663438e+00 -2.060565783765347034e-02
4.887368952800406063e-01 5.798425325557148707e-02 3.381372082766645470e-02
4.929034646930877117e-01 5.172792119724478610e-01 -4.947521701666335141e-03
-1.348619830135708991e-03 -9.610100158560120898e-01 2.616999675698591932e-02
4.805682011231117157e-01 -9.308680403064815145e-01 -1.252982494715430828e-02
-2.756157985710981917e-01 -1.043873596913709845e+00 4.783689909662738882e-02
4.792844433421402650e-01 1.000951025745709488e+00 -3.649442608264929361e-02
2.432251970243651251e-01 1.005262983156435697e+00 -2.005735999389328394e-02
3.628336255617991418e-03 -1.013763041477549809e+00 1.644415485624361670e-02
-4.678659911526404924e-01 1.014320098692321759e+00 -8.477190356109626929e-03
-3.704815552384300992e-02 -1.011758074782554306e+00 2.354368233568266203e-03
-4.747858884576769412e-01 4.281218148820437053e-01 -3.485932217990089094e-02
-3.127184412648932321e-01 -9.955259723730383037e-01 -1.090286390331632847e-02
-1.653502473636783154e-01 -9.802913243189331771e-01 -1.714988125147152986e-02
4.300464582167989880e-01 -9.912987512841797688e-01 -8.637126152190539863e-03
3.682022658417009597e-01 -9.713818509580793847e-01 7.346833510436081953e-03
4.830499295445204178e-01 -9.839046313464669957e-01 -3.223209893749287569e-02
-4.701652783615868358e-01 3.431688463105307396e-01 -2.726015900980499965e-02
-4.975572900944744137e-01 2.769193436370624983e-01 6.492358890614457340e-03
-1.536189579001092098e-01 1.005560535528206678e+00 5.597994271762057883e-02
5.078927649892317486e-01 -8.881576655500417194e-02 1.581174330257427429e-02
4.254547625624499618e-01 1.021144942007286671e+00 -1.791957045967890877e-02
1.006108116861328602e-02 9.852403941812855059e-01 -1.712643577016854934e-02
-5.322552388248383837e-01 -8.697014834677977424e-01 1.766398732798956164e-02
4.855033053093732454e-01 -7.089963411494323298e-01 7.442387764162230850e-03
2.898782246793321082e-01 -9.776954546795338929e-01 -1.278563333245754698e-02
-5.403354799421675736e-01 -9.992465633227769484e-01 2.073292367518015517e-02
-4.974659085762149213e-01 1.280926705049312622e-02 2.616597075762227761e-02
-4.983629158253135571e-01 -5.511243560912985062e-01 -1.300402640101487248e-02
-4.442098605926521615e-01 9.673880235489853430e-01 -2.822242592600280459e-02
-4.832499026150022248e-01 -8.010454486531914942e-01 -6.977635451721854627e-03
5.119777670609199083e-01 1.586675190368811994e-01 4.115318375148177034e-03
4.856885009627127658e-01 -9.878959357785352946e-01 1.504309273983180789e-02
5.166647024814782219e-01 -2.988408860834760872e-01 2.065083689194081515e-02
1.106814904969651708e-01 1.011926776576291820e+00 2.760055658761161913e-03
-5.280218109792268466e-01 -1.875441749195547458e-01 5.638939131558200896e-02
4.637289223423123885e-01 2.231571233143236077e-01 -4.485298309795639898e-02
4.659843823675984265e-01 -9.159231000890935004e-01 2.339837200587323654e-03
-3.573641551307407127e-01 1.003330603186754599e+00 1.058186557910795363e-02
-2.339518385351815888e-01 -9.993994458044027640e-01 -2.107087357075056525e-02
3.322870790543646091e-01 9.565361886312173656e-01 1.852511231292574417e-02
-5.085677782268168690e-01 -8.902729540690696997e-01 4.948305091539112292e-03
-2.789650598916715851e-01 -1.005779823635715609e+00 -4.308381682830234038e-02
-5.152418612757989624e-01 8.466424995825071464e-01 -1.054183492390512681e-03
4.844313890774794573e-01 -7.140723662922271453e-02 -1.103371371050501648e-03
6.491454384844758119e-02 -1.021882433719604188e+00 1.608391319260678038e-03
-3.470254587398546309e-01 9.806246695583031858e-01 9.376802496378762800e-03
4.816301318976086709e-01 4.906386344010303380e-01 -1.198208903385171063e-05
-5.032367530962550406e-01 1.364128221819175535e-01 -2.322017401556734917e-02
-4.888844682074328096e-01 -2.573203639178019420e-01 2.308601599446686442e-02
5.141496946447434713e-01 -7.289312484846879325e-01 -1.185843120263632006e-02
-1.576290485887039405e-01 9.513580155160125118e-01 9.950010280951165562e-03
4.862237868732314783e-01 5.713120515459839677e-01 5.574220033775527904e-03
3.484643633546128383e-01 -1.034857499766224320e+00 -1.472424749181749926e-02
5.132019833182082102e-01 -6.681161490919811374e-01 1.961274262005785474e-02
4.672498892615590815e-01 1.148185069031811556e-01 -5.500271533439038971e-04
-2.635146062166790482e-01 -9.354911324452749311e-01 1.252986774700774221e-02
-4.986504468357759734e-01 8.941572921372485938e-01 1.312094435222103603e-02
8.586170664454831347e-02 1.011957956996444974e+00 -1.934866043101571287e-02
2.162194619484235913e-01 -1.001825954056821510e+00 9.795597385407707122e-03
-5.104254325672425985e-01 -7.667016795001980745e-01 5.067135494295644735e-03
1.011098467678081536e-01 9.934353976994259039e-01 -3.653130341387728942e-04
1.843565399884030676e-01 -1.019998056450765800e+00 1.368753975447301735e-02
-3.759272111021724205e-01 -9.802899974940204597e-01 1.244088272297798684e-02
2.552280470702662785e-02 -1.014068239538439942e+00 1.740950201156323332e-02
2.188011482856376255e-01 -9.951414075142238636e-01 -2.298749459500115319e-02
-1.455919937097948369e-01 9.818854342501369681e-01 6.159283184478918892e-03
-4.980108879572582303e-01 -8.152316469339477845e-01 4.262671964986647008e-03
5.013855254458378097e-01 1.012300378054842076e+00 1.872983008500696614e-02
-1.629730966606387776e-01 9.739181637851410667e-01 9.613768556293830411e-03
-5.157206412883275082e-01 3.976465874439175097e-01 1.037372122576006583e-03
-1.525069221753072579e-01 -1.006082744162169140e+00 -5.907135368440409899e-04
5.410158259843579343e-01 3.583186799581233872e-01 4.607056517686998476e-02
3.765742510231261386e-01 -1.039141999478671252e+00 -1.306692992096178917e-02
4.883103282691764191e-01 -7.465774339606587873e-01 -1.809972160973231242e-02
4.832709741075255638e-01 -7.008296724277003342e-01 4.104242157030835864e-02
-5.025795909734424027e-01 -5.418926984393732660e-01 2.644166493851348929e-02
-1.214465955458782775e-01 1.001175739707194090e+00 1.260252397288836451e-02
-5.103407132370206822e-01 -8.920323294401645287e-01 -1.095655714922527668e-02
8.005130083363294624e-02 1.021578628377067366e+00 1.361438472721973256e-02
-2.214907425845464295e-01 -1.009325773996581299e+00 7.608712894713974897e-03
4.965718724433912379e-01 2.646412718876758885e-01 1.474431028731768359e-02
1.079038411967479516e-01 1.002467111898583951e+00 8.722245243224142647e-04
-4.730096807040782281e-01 4.169913057310507543e-01 2.284110619049217923e-03
-3.162153018783570579e-01 -1.004274173473546528e+00 -2.331147013081110927e-02
-6.065636081617324649e-02 9.763635438055526805e-01 -1.668251757886246578e-02
-3.225570812770467422e-01 -9.601720398622741737e-01 1.653282628855668596e-02
5.137558500979430010e-01 -2.070653721752058196e-01 1.541894800010490223e-02
-1.095726892245838080e+00 8.606615419115986043e-01 -2.597259229942161518e-02
7.774513883153009175e-01 7.688141906081717991e-01 -9.090120170194274096e-02
-1.408869293409976464e+00 5.160495532241871075e-01 -1.959603856051543580e-02
1.451923739849124040e+00 2.283475220122405780e+00 7.474823070365330113e-03
5.235126776637599733e-01 1.280505316629572121e-01 -7.533708475259293103e-02
8.441126725679328757e-01 -2.643219137191815893e+00 -3.504382957723344016e-02
-9.196394346237454220e-01 2.213615587359567982e+00 -9.906826877325627945e-02
-1.399933201293285467e+00 -1.489379348132255920e-01 -3.032043545366791548e-04
3.276295988667214942e-01 2.787704587440762438e+00 -4.238083538282764323e-02
8.717280243646978732e-01 -2.597442757846446515e+00 1.450942509455732665e-02
8.005786150786642352e-01 -2.236206468964410554e+00 -8.268617048601170638e-02
8.817164361050497945e-01 2.006540091145899041e+00 3.631032932334979368e-03
1.446995759839484919e+00 -1.266671983200735152e+00 4.144580672236058971e-02
5.908415217295859279e-01 -1.039717197646773394e+00 5.550271521530966701e-02
-6.815215688389431037e-02 1.501636113061800337e+00 6.445687615952955252e-02
7.163471833658485721e-01 -1.954583200848160285e+00 -9.594326844630579609e-02
-8.433647649944627789e-01 -3.008735612671751269e-01 -1.986826018619736178e-02
5.579073469885029724e-01 1.420628847298784692e+00 -9.699649161881265802e-02
-2.756716199676190193e-01 -1.388330833654160879e+00 2.075536495022922701e-02
4.490039132808387734e-02 2.627090599257345893e+00 -4.115009954402093495e-02
