9.236566619367955200e-01 1.869956860862778958e-01 2.553523524301260991e-02
3.272589289185659500e-01 1.021730563386540558e+00 2.942226764123024793e-02
5.490516073741538161e-01 -9.704656436698358979e-01 2.003523187427842106e-02
-1.218663810737093400e-01 -9.944800090537470050e-02 3.816261070964727803e-02
5.914298830926095762e-01 1.017675645578016930e+00 -1.137471027273117066e-02
7.089119119886636566e-01 -9.777290321685141450e-01 3.125738876872307531e-02
4.737278553455009922e-01 -9.926658748131984566e-01 -2.498215635327070624e-02
-7.281004739411756077e-02 4.978740285167970736e-01 1.237403425658180345e-02
-1.121048967465242407e-01 3.133623538634092154e-01 2.634371804883745352e-02
9.148880705246628109e-01 8.393789686320625165e-01 5.624870314199772667e-04
8.788361634453387694e-01 -4.811367157207657730e-01 1.553151358923882640e-02
-9.171040622455847724e-02 7.311245238399922686e-01 -1.437294346426074010e-02
1.927474157539635011e-02 -9.973718074826063429e-01 2.125252018148579862e-04
3.355954454600487691e-01 1.020305975709948632e+00 -1.100618725760928000e-02
3.869574395938062406e-01 -9.992777768567485674e-01 2.842762776322168075e-02
-8.749189824608072374e-02 -1.007680731149836806e+00 2.336512567137898760e-02
-4.965942357041790156e-02 9.909691963522204716e-02 2.338348176995674182e-02
6.293547532220560292e-01 9.865232481085761673e-01 -8.408579427238735068e-03
-7.071692018993687434e-02 4.399559535576075264e-01 -9.989171988397452240e-03
-6.875541039069434091e-02 6.540798020841734894e-01 -5.456480625411899016e-03
9.208260273219519565e-01 7.057343976962030530e-01 -4.553205403349670777e-03
9.328946330120337915e-01 2.197862303781908666e-01 1.325628001223623335e-02
8.941280214589425457e-01 2.205888475500172585e-01 2.026407851659475789e-02
-8.521498777562992732e-02 7.122031808132699426e-01 1.132524031705099340e-02
5.440073773838236537e-01 9.896597018746845498e-01 5.172280963344381500e-04
-8.398258016621829025e-02 -8.659708578169770243e-01 -1.465717277640005145e-02
4.818116933374499977e-02 -1.006362198345055470e+00 -1.399964623473515940e-02
2.318591157030114314e-01 1.014201289680874529e+00 -2.820457077159559470e-02
9.103040035804228491e-01 2.395507295755411048e-01 -3.080023317645794872e-02
-5.030133071074442686e-02 -4.261558420538713032e-01 -3.287849961655538861e-03
6.242542011983066574e-01 9.735416937066653231e-01 3.350501340513108162e-02
8.958408807882718428e-01 -4.139928682130446513e-01 -4.385619345044111553e-04
9.068831726217809752e-01 4.530447415661750243e-01 -2.546148122415855738e-02
-6.785207339011881111e-02 7.874779370784433796e-01 -2.149817405784589658e-02
9.359175275061724086e-01 1.007058724549273476e+00 1.748104947977418416e-02
9.171331178354737990e-01 -1.633481549739690397e-01 -1.475487424752582001e-03
2.761126348486966919e-01 -9.887504180123150022e-01 1.098565873099128544e-02
-9.757353731508956740e-02 1.805845997295898314e-02 2.649289176698771744e-02
-6.568242124959587647e-02 8.592686475515769473e-01 5.070595827843372636e-03
9.394865708514060776e-01 -9.813342168531078435e-01 1.090478695117284326e-02
2.929261022053447627e-01 9.853942066460819049e-01 2.092614070626115652e-03
6.211244973796876678e-01 1.010500936728481403e+00 2.608701973014015268e-02
-9.657687050403759854e-02 7.364326964792011765e-01 -2.462753885545930152e-02
3.645553103819791640e-02 1.024968516541863606e+00 -2.325768615675099724e-02
4.148719267526242982e-01 1.020615554984857898e+00 -1.694532935509480281e-02
1.774423185051673263e-02 1.004598835908700583e+00 -1.021095653249891842e-02
2.836788479550449993e-01 -9.902937267138846034e-01 4.976500595872036109e-02
4.843850152129562658e-02 -1.001348096849967284e+00 -1.267661576995736047e-02
-4.398389715207737943e-02 -1.029836202711132076e+00 1.310619716564830582e-02
3.377458107643213081e-01 9.858844310728344107e-01 1.905832779568141649e-02
-6.798783066118253837e-02 -8.945101656374352395e-01 8.121477219505006395e-03
1.528888806620940510e-01 -1.030444594064869879e+00 9.147826891653196985e-03
9.546453981113665055e-01 6.995772181820592017e-01 -2.450247599476660862e-02
3.014187396245074924e-01 9.991218485952577666e-01 2.507112115846558964e-02
9.023935143820456251e-01 6.183002852271197725e-01 1.833707547102865834e-02
-2.884013884160223362e-02 -2.326746374183886190e-01 -1.304944223204365303e-02
4.703858693000312896e-01 9.842797313214535215e-01 -3.724825604263454909e-02
9.097023040172484976e-01 -1.072486556402471453e-01 1.646287094996013584e-02
-1.128217339011759052e-01 9.303759857420019763e-01 -1.239242370790401629e-02
-6.088753868621459009e-02 6.958951612996022718e-01 1.600583880745367477e-02
4.601754366252184258e-01 -1.007691814171547628e+00 1.083076937068145609e-03
6.638964519742999171e-01 -1.010024371725493308e+00 3.220993114595350343e-02
-5.064772903329929632e-02 8.149841593065246803e-01 2.615506332106283093e-03
9.203117477276361313e-01 -5.014520964246756973e-01 -1.011024273907193925e-02
-5.915369532418667670e-02 7.646186707065251165e-01 1.972353839337123022e-02
9.383943657058690935e-01 -5.772761354822159019e-01 -1.448078054454516282e-02
4.632448697721440189e-01 -1.028331879594451381e+00 2.658946646261139621e-02
9.303965445538211476e-01 9.877969057173678902e-01 -3.350039625664340270e-02
3.820802205968896192e-01 -9.727737180495446001e-01 -1.673555655640936168e-02
-6.074332858421490483e-02 3.499190357735913470e-01 -2.145067691215324715e-02
-3.176629579404047221e-02 1.023841656588349025e+00 1.852245516922273322e-02
9.386435863272565294e-01 -9.647174687275928973e-01 -2.096303895937067993e-02
8.557138375696089483e-01 -9.809666840916656527e-01 -1.348203241193251037e-02
2.896849600234562283e-01 -1.026159299225174459e+00 -1.633776098053833911e-03
-5.977176268735747561e-02 -3.158868350407969539e-01 2.384515432766724091e-02
4.759258487185208941e-01 9.895983725735872927e-01 6.205612738071721035e-03
1.343045658302293999e-01 -1.012801473736948177e+00 -4.933262867039955347e-03
6.763180991562888211e-01 -9.965008020901144903e-01 6.201562690206329463e-03
1.244814069323702810e-01 -1.005912547786123934e+00 -8.382406722872990865e-03
7.592930429910634826e-01 9.850333669272399728e-01 5.482588289939928881e-03
-7.547696588447869170e-02 -2.104496648348773424e-01 -3.637737204891774989e-02
-9.525571804762486550e-02 -5.246458579274471123e-01 -4.574444627971910142e-03
3.935473832068873690e-01 -9.799629565255773000e-01 -9.803429381040366583e-03
-8.193158851729168135e-02 9.565772683107964802e-01 -2.113721021485192447e-02
-1.893787775034809495e-02 1.002161119560393665e+00 -1.202975661348331532e-02
-7.515901714503693543e-02 -4.754740450162363019e-01 -8.093955440971960236e-03
5.192215555362273971e-01 -9.766371886815048420e-01 -2.668409040143777250e-02
1.345323771813821678e-01 -1.012449468960697763e+00 -2.982007454805803495e-02
9.190237628242392542e-01 -2.373980078939633837e-02 8.964189121219723073e-04
7.666116420924434793e-01 -9.975574008296570483e-01 -2.168363844066549702e-03
3.469496607859239856e-01 1.008597729437778812e+00 -2.503363281038279917e-02
1.528623339685508675e-01 9.890274216297924026e-01 -1.402336822209441190e-02
-8.429643356137761501e-02 1.171352731247552771e-02 -4.036747163431129450e-04
7.103226772471042949e-01 -9.989448342315234708e-01 4.622591967716742356e-03
4.729848006487546302e-02 -1.022550948912407165e+00 -1.665393494462711829e-02
9.161488662707788500e-01 2.356669375200023675e-01 -1.802675979783049595e-02
8.951671023630943802e-01 4.889181642101377290e-01 3.688700299430480029e-03
1.631152384233349184e-01 -9.842056931515104079e-01 -2.080533045403877221e-02
9.362498902450381300e-01 -4.691251736292043062e-01 -2.874826779324489087e-03
-1.057578516936826807e-01 3.063556995886007051e-01 -2.181081061073196145e-02
1.638886527073285249e-01 1.005509555810635947e+00 2.888030025222392341e-02
8.624618199490701187e-01 -1.026704967030308335e+00 2.613609353497337549e-03
3.850588686144586215e-02 9.915862031413812394e-01 4.507641090338267847e-02
4.462103397770611490e-01 1.013525662075337452e+00 -1.399319363826308574e-02
9.095606697792670836e-01 -9.680875423117438761e-01 -5.243035879286027726e-03
9.166296164975032967e-01 3.757041157675433118e-01 -2.052596528590833538e-02
-7.232478921011757655e-02 6.551288079595283254e-01 -2.919152430298630439e-03
9.199365748404123577e-01 2.572986032730918415e-01 1.969573630561602742e-02
2.342831779110717549e-01 9.974159797267403427e-01 8.866340264570249721e-03
-6.866762348100063917e-02 -7.831845944760216227e-01 1.113665868930346307e-03
8.555263577426455157e-01 1.014057414485145969e+00 -2.194219737902251745e-03
9.483968430338699518e-01 8.697334695276414118e-01 1.791415267945243792e-02
9.069653519174227796e-01 -9.559208144796853546e-01 4.452746851250655169e-02
8.982148447491453691e-01 3.305329010972002379e-02 -4.175724987217428914e-03
-1.251418435221047509e-01 3.795646693129832716e-01 -2.101501075339305084e-03
-9.323236721638782087e-02 -7.894000204721071112e-01 6.425871287753695538e-03
-4.213184953809703814e-02 -4.723262799377310195e-01 -2.402286540498315207e-02
9.462707378182904083e-01 -5.142107925250640754e-01 -7.649166601018692058e-03
7.129200478728863200e-01 -1.002512792793579077e+00 -5.493430550792702781e-03
-2.267866064352172528e-02 9.887389919436692098e-01 -3.803607509059015596e-02
-1.022623596014175795e-01 -8.003370386499794042e-01 -9.409412156403954702e-03
-8.158983369804140295e-02 -9.340948850444215079e-01 5.908209243750948449e-03
-2.261318581145328049e-02 -9.851177890627623723e-01 -3.545777823771976978e-02
2.938436548007682947e-01 9.957667956865929870e-01 6.866135116253611545e-03
8.475340208623479699e-01 9.920400557881366987e-01 1.352263314266208358e-03
2.234883947301333496e-01 -1.007004832218828083e+00 5.218035538619828634e-03
9.242916699382076606e-01 -9.307562513713477648e-01 -1.505025365787681507e-02
3.527126915298607335e-01 -1.004044373529008549e+00 -3.617506445441862149e-03
9.366899757175173313e-01 -2.804924592704025610e-01 -2.184881440292001705e-03
9.254452493162312887e-01 8.317146015733675735e-02 -5.328223722798736649e-03
-1.184075564057899127e-01 3.683285448370416937e-01 -9.203475114314968106e-03
9.365950789834058821e-01 8.578308631127689043e-01 1.778599731768358561e-02
9.403787741227003227e-01 -6.445005858598401582e-01 2.322772845446050699e-02
4.735437803472691831e-01 -1.009368912351174430e+00 -1.639536356240394940e-02
4.822801437746678244e-01 -9.848897816858320775e-01 1.575159235410004618e-02
9.381477481482605185e-01 7.347700349401711239e-01 1.089706072938824606e-02
-1.053403576339529413e-01 -7.198372864783387781e-01 1.193957112994661549e-02
5.260828236579004891e-01 -9.704137953551784657e-01 -1.356363262057102420e-02
9.654665606281482848e-01 -9.751344450404207942e-01 1.259444588772984201e-02
1.905825850067718041e-01 -9.818572066215464078e-01 1.853917663733805135e-02
9.471733677949014663e-01 2.211696981425061437e-01 9.016376898938211620e-03
-9.160916495924240066e-02 2.769011799164287080e-01 1.299332959972821638e-02
2.809402267853987611e-01 9.936653262971948397e-01 9.202481082534685886e-03
9.323078672664176780e-01 -8.380644384288770121e-01 -3.152320732476501450e-03
1.414328740729437484e-01 9.814542339331614462e-01 -2.422031341260669907e-02
5.011121594821137393e-01 -1.015095656465859308e+00 1.488251041653117397e-02
1.726587680722241891e-01 1.022220046618817157e+00 -4.025367810225603804e-03
-7.160187043834288778e-02 9.525074380317226641e-01 4.939929594811938440e-03
3.385506507683772037e-01 9.861056864812384193e-01 -3.749971661281082357e-03
2.184622156645472379e-01 -1.009572023747396408e+00 6.845275509381965051e-03
8.882095043386988298e-01 -1.015137019495262694e+00 -3.419662114591374980e-02
2.024444300333087532e-01 -1.010130398348701108e+00 3.819159565536744093e-03
9.203427679372762071e-01 5.667558783769533620e-02 1.826020759172597083e-02
-1.002895891163980979e-01 8.523326686505124927e-01 -3.539932911414367996e-03
-7.351783498970317077e-02 -9.849551018510841471e-01 -8.711166502900717765e-05
5.746622591481519438e-01 1.006051158289033243e+00 -4.499721170647636576e-02
-6.944982313677422470e-02 -4.339217280854576475e-01 -3.492623090385128110e-02
2.901306850516492397e-01 1.023948618366573360e+00 7.646494049784923787e-03
9.409268721782877432e-01 6.870580574828162312e-01 2.288690857091714350e-03
9.284396422937041260e-01 1.016104512443020136e+00 3.481126661874462541e-02
7.974250303433648712e-01 1.022776519612397905e+00 -1.179593248120299961e-02
3.879872454973144480e-01 9.999929276340142614e-01 -7.334548298222879313e-03
6.345853772380229962e-01 9.958805282939692249e-01 -1.597742296171933071e-02
-1.374361597217127473e-04 -1.015402020822325557e+00 -8.975109839554079247e-03
4.710481340954473795e-01 -9.967789681553945735e-01 -3.105821316944093469e-02
9.221686077076811650e-01 -4.113732256390494751e-02 9.658716166308213211e-03
5.768594345912034793e-01 -1.001225051661403631e+00 4.902443535141146926e-03
6.743820532002420265e-01 9.858400784841389042e-01 -3.114792483523449312e-02
9.255971135184772880e-01 1.138496670916781944e-01 -1.099013493692320258e-02
9.294060987483081515e-01 -4.255630228881339128e-01 -1.415833386470217309e-02
3.421328702472006822e-01 9.752184575652427245e-01 2.763279211830601233e-03
-6.152182622523348632e-02 2.070916933711977603e-01 -4.164576575737166664e-02
6.176392252779390191e-01 1.000294358166301523e+00 -3.178884781554034041e-03
-9.881732213524152542e-02 -8.397663168477693951e-02 1.063667660009278045e-02
8.019739473224816173e-01 9.945925511955294729e-01 -4.498938986959546277e-03
-7.242702015677400518e-02 -7.668209990137646592e-01 -5.037306074971089308e-03
7.466180215303424017e-01 9.898451863444528431e-01 8.862130325494026878e-03
4.583466652338192282e-01 -9.726269190148865151e-01 2.463267215865012211e-02
5.043440320577049496e-01 -9.510659636338365530e-01 -2.505985880013768523e-03
9.031845791066082096e-01 -1.022836096673564565e+00 1.386763195329476436e-02
4.992330280527413899e-01 1.003156640093678664e+00 -2.364903122647877328e-03
8.710227548080783366e-01 -1.011809355557566459e+00 9.082313399892667435e-03
-5.315245594192116729e-02 6.329830698608307493e-01 -1.877164033729646075e-02
6.094160900062167013e-02 1.009784767800580019e+00 -1.769375843672238435e-02
6.848247462650628448e-01 -9.530646568460454660e-01 -1.113987698373978576e-02
8.333736941698996481e-02 9.989800663190842034e-01 -1.023466270943484621e-02
-9.302113304832237972e-02 8.587897083709459256e-01 4.292607111732855106e-03
9.842700983853339691e-01 -5.638961013339588435e-01 1.104550119194543448e-02
-7.105069127810192953e-02 -1.280051959313057430e-01 1.718822983242233524e-02
5.423422662305728004e-01 1.003248689500439328e+00 7.415101184994683965e-04
9.291869017326476188e-01 4.663524852004561350e-01 -7.885277065016821569e-04
-7.114526825104607044e-02 4.711750607364506016e-01 2.803352684783913529e-02
5.513245164957826239e-01 -1.009954293846588413e+00 5.860439378813631344e-04
5.774578173779678636e-01 9.922471162685451151e-01 -1.627027363463911386e-02
-7.605067547056808264e-02 -7.340562426034277221e-01 -8.718197646710786498e-04
4.266639989517416187e-01 -1.006625366417605472e+00 4.162278272028216083e-03
-4.192136829100497064e-02 1.003707095105417668e+00 -1.492393590934346613e-02
-7.322021517919069522e-02 8.015014949696721569e-01 -2.560633471475902423e-02
8.050076712235599841e-01 -9.523337083718413920e-01 1.172238629206941857e-02
9.038271815910913221e-01 -1.014452318631187400e-01 1.492641338467052929e-02
1.175077487281667388e+00 -6.936935963560015850e-01 8.392248677604063900e-02
1.182643944682425285e+00 -1.276554789088446773e+00 -9.417403631226328731e-02
3.936831488195622342e-01 -1.248172542514067729e-01 7.473839147203184541e-02
-3.393758053942634856e-01 9.128156793602064667e-01 8.847404972038655502e-02
-5.283033435070174644e-01 -1.614252796967915016e+00 -6.915814043180132376e-03
9.403251020775154068e-01 1.416985578172725191e+00 -4.141096147768239671e-02
7.522051053130378584e-01 -2.831791854314722023e+00 -8.421141922105722377e-02
1.732494063416555541e+00 -1.912157283404936736e+00 9.425573565802944365e-02
4.379636459792288772e-01 -2.666856457438815386e+00 8.319946301516997766e-02
1.719469145887348560e+00 -1.213725177491898899e+00 3.693182496833122275e-02
-2.250123602192047878e-01 2.830360783351304477e+00 -9.606029815822875184e-02
-5.679940734231925248e-02 8.639185985198194473e-01 5.786468326290594710e-03
1.374647303302409806e-01 8.020714373742761083e-01 -6.911323795071927512e-02
-9.790171545665821151e-01 2.452543568005424390e+00 3.523966262157046669e-02
-9.303860007811257660e-01 -2.333330712189797040e+00 -2.345216508416506085e-02
3.964104774095165151e-01 1.525540500307996261e+00 -5.201722873221892307e-02
-1.007096252996992014e+00 1.516588126812604465e+00 -2.501324471624302714e-02
-4.983311613734354717e-01 9.569821860267513358e-01 -3.412516581383376324e-03
6.469029172375155845e-01 1.867761023011182964e+00 -9.805964247423303026e-02
9.853304246164782398e-01 -2.895285363205983842e+00 6.259944644593029572e-02
