2.390355796644132169e-01 9.849570240782689057e-01 -1.916341157784486049e-02
9.376025851234845998e-01 -3.405822224499556183e-01 4.667498286380225916e-03
9.461468764944840348e-01 -5.694213090630141361e-01 2.200934327474275871e-03
4.346416137833666316e-01 1.011207855571782943e+00 4.992832235069587926e-03
9.478417689903877452e-01 1.453388443086506554e-01 -1.674664679511959214e-02
5.680554659082787117e-01 1.011447853319888290e+00 -3.315344686713592864e-02
9.488124899372970544e-01 7.073599577848368458e-01 -1.190066886069447889e-02
6.591493720638915699e-01 -1.025036923812667311e+00 -3.532579312296792173e-02
9.577945516125310199e-01 -2.982320942779469464e-01 -3.877053289948795538e-03
5.201876141916083052e-01 -9.766095728336326998e-01 -1.635396349807339764e-02
1.093520766596070559e-01 1.031487248865373463e+00 5.723559302057596191e-04
9.082446435800981543e-01 -1.486973638942919451e-01 -2.106229680474510507e-02
5.210049423952455711e-02 9.621048118690107565e-01 -2.091941416937165982e-02
7.851917125924052776e-01 -1.035186110396954851e+00 -1.316520241775243592e-02
9.372027428163275387e-01 3.903079481708556786e-01 1.462443124866912372e-02
9.554606133325221906e-01 -2.452011848887190315e-01 -8.595510651745434313e-03
2.056675935117215359e-01 -9.678021598375514678e-01 1.011928455109287021e-02
5.398541573779326308e-01 -1.003272338684669807e+00 4.196096486176645324e-02
9.282416125736593360e-01 -7.818148282564003626e-01 -3.564467459594244242e-02
1.455182913223033725e-01 -9.578297023007790179e-01 2.963399000568440328e-02
9.356942287639570255e-01 -5.369833303574195194e-01 -2.508271063795363895e-02
-5.148349526452752900e-02 -8.526747770094967871e-01 1.822267496491429897e-02
8.069977065944766714e-01 -1.015403657430319573e+00 -3.003063194378609822e-03
7.345906824246675182e-01 -9.913648589181957016e-01 -2.501239465834803957e-02
6.218911261529956880e-01 -1.007558150106429906e+00 9.937582276330276729e-03
-5.850816657846152208e-02 9.730327491282257935e-01 1.727592531254038347e-02
7.629503469148364303e-01 -9.678534390832067569e-01 -2.282206739047557345e-02
-7.322542527142611446e-02 -8.715147632909748809e-01 -3.365165404222314471e-02
3.364797766862017703e-01 1.008642667538065529e+00 1.646232685994020173e-02
4.603252667393116226e-01 -9.962404435587566276e-01 7.242810555394496586e-02
9.127844519170028592e-01 -1.304150580765885692e-01 2.426684313746840446e-02
9.201266932885454608e-01 -1.022179933828674558e+00 2.995073710142650766e-02
-5.333562878807832086e-02 -8.250737260291071129e-01 -3.895013491296482350e-03
-3.022270981797266567e-02 -7.883738049693724825e-01 2.891223560462250972e-02
9.136571964342569130e-01 3.968062668022035444e-01 2.049048248841167305e-02
9.574044926187649240e-01 -3.529956440808857954e-01 1.294808367985276869e-02
7.680258676990806554e-01 -1.018238631177696973e+00 2.572629160129219841e-02
9.558000978556308036e-01 -4.787633234056671433e-02 4.236632742070793600e-02
9.357633834172981446e-01 5.514051836322110267e-01 -9.106147936729480641e-03
2.304204437852722942e-01 -9.984813294381699178e-01 2.470643583372952867e-02
6.783838159882031593e-02 1.009554085105528909e+00 1.377082814631393659e-04
3.611188692014266066e-01 1.016167335391320981e+00 -4.875059420638950050e-03
9.437427286870797571e-01 -1.326602386686714652e-01 1.090127458737881819e-02
8.523484553876273795e-01 -9.697480748637240522e-01 -2.512061270815956968e-02
1.381660983375307128e-01 -9.907791660834865954e-01 1.175433370585011843e-02
-5.666917121052920947e-02 3.275071769818878598e-01 -2.982154073302984917e-02
8.145439467813329060e-01 1.001224541074926311e+00 2.390510049026160072e-02
5.089478129357815073e-01 -1.020904192832696955e+00 2.913715011227894017e-02
4.734741695930964056e-01 -1.006514666165827965e+00 -1.034151027795379013e-02
9.190179179556027256e-01 -4.018604961916334428e-01 4.373282374338677975e-02
-6.257497891322792716e-02 -3.214539707374151623e-01 7.661670174848147878e-03
9.603552376272106450e-01 -1.544697224169835070e-01 -2.790465721268400520e-02
8.681403486922258939e-01 1.008562709778383137e+00 -3.179050138966010158e-02
9.371299802773698229e-01 -8.038016646443985058e-01 -6.629523062241869658e-03
9.299956696324375161e-01 -7.650558671450982118e-01 -1.802934022493449251e-02
5.947717697675807269e-01 -9.694883904533789787e-01 -1.328998147171099251e-02
-7.058593465706287928e-02 6.276177908820309570e-01 1.278039559305209696e-02
9.169317466609058220e-01 -8.010904192531829171e-01 2.542464814956680100e-02
9.610769450746673437e-01 -8.463404715260586242e-01 -2.791606474251180983e-02
1.885089780041227236e-01 -9.513341494951121913e-01 -2.332533989347013517e-02
5.636690672514793610e-01 1.018614923331580879e+00 -2.673458205800118784e-03
9.563640664466480645e-01 -3.108904462360030374e-01 -2.795591996909104621e-02
-5.751878092898032174e-02 -2.541061694216069089e-01 -3.090642443059258074e-02
6.287712608495160671e-01 -9.899656988132536917e-01 -6.387532912416816165e-03
-2.371842400203495044e-02 4.397630978389954759e-01 8.190066911475963468e-03
9.115125647875729209e-01 -8.646833905483179983e-01 -9.866190455166724133e-03
-5.494743865830262891e-02 -8.571738628907388247e-01 -3.214237560440374314e-02
2.064919021238671992e-01 1.008218730777902916e+00 -1.413542337435969021e-02
9.807651108716031185e-01 -3.609970242161765208e-01 -6.396933806729509196e-03
9.188292130523587620e-01 8.824757244870513606e-01 3.715119620067056745e-04
1.724024794763985291e-01 -1.010895442686050139e+00 5.342583300862160413e-03
6.266471670617900225e-01 -9.670245101176033753e-01 -5.230858429089032223e-04
1.550971382791378750e-01 -1.020786485102148866e+00 -1.666665335777710658e-02
7.072452133679721920e-01 -9.739105310526272596e-01 1.209289275117430250e-03
-3.353228036268619816e-02 -2.600450320779346125e-01 -3.065165655253835469e-03
5.002286613769820756e-01 -1.008014347820947565e+00 2.134718357637451977e-02
4.070146601080074644e-01 -9.751246196831849788e-01 -1.062506813775066124e-02
4.869713706947933485e-01 1.015755855442480149e+00 2.649106527409950465e-02
2.865019764566283933e-01 9.977099384249609182e-01 -1.374002980332825479e-04
-7.701881358922019194e-02 -1.011844855728395220e+00 9.013514868242351527e-03
9.377258008569621106e-01 -6.518984698430847491e-01 -2.564524043789551469e-02
4.602878529396287055e-01 -1.027368945230993758e+00 -3.289819042294372248e-02
5.047298159087778568e-01 -9.990486011852486303e-01 1.357803065282424219e-02
3.822768843082496315e-01 -9.754681495847089545e-01 -2.636968695602462300e-03
1.004989262905214981e-01 -1.003639994388909384e+00 2.798483177762514824e-03
7.730643292969554548e-01 9.866667218745734935e-01 1.094890855086380274e-02
8.358419209584075915e-01 9.999033884279980855e-01 -1.425612072955392308e-03
-7.037975459149406476e-02 5.657691378157427842e-01 2.309002634807148790e-02
4.632592271741434176e-01 -9.971760158803141261e-01 -1.009580226553958605e-02
8.027385983753988485e-01 -9.928759426810667144e-01 -1.401973927043981966e-02
-7.289356121306823921e-02 3.246150280295612700e-01 8.214567307978986807e-03
9.493195052342574547e-01 -1.139645858890579178e-01 -2.773362112634310001e-03
-6.764426517105284753e-02 8.931834078179595737e-01 1.454430541122240898e-02
-3.430118016940050807e-02 -9.950810890231224226e-01 3.804881403743637369e-02
6.885893281318213877e-01 1.031565350121669056e+00 3.466792274560081058e-03
9.458300091488115457e-01 -2.045845100493015045e-01 -2.792737574866876668e-02
6.209696743448827466e-02 -1.035467666838209011e+00 -2.238064689928724506e-03
6.382999193707941110e-01 1.005998961918876278e+00 -2.843949475882114053e-02
9.534504521430549051e-01 -8.399988829507194776e-02 1.278642873481477746e-02
9.407532168661479899e-01 3.930723477311170444e-01 -2.675684109627823534e-03
4.631656440039879086e-01 -9.887365816954620801e-01 8.387139670721747292e-03
3.595484576418579992e-01 -9.848391757793453216e-01 -1.781242034687292516e-02
6.473785490845709312e-01 9.736454399566814022e-01 -1.428128568837670406e-03
2.501211489276163324e-01 1.073610878871897878e+00 3.062265283558571888e-02
6.010052286782096020e-01 -1.024760827605194935e+00 7.862984893908877421e-03
5.100565036943398578e-01 -1.023524551813151939e+00 2.298962730117827882e-02
2.055644987366672671e-02 9.993751526956348163e-01 -1.466095310600637469e-02
5.132757418463661514e-01 -9.873194983913027301e-01 4.143927458065401609e-02
1.623603091356073946e-01 -1.040334994562923221e+00 -4.600920108220842540e-03
-7.959779040937474404e-02 5.695686820067300538e-01 1.706903412283272345e-02
7.575899162486559035e-01 9.806678042176543153e-01 3.009042247885612004e-02
9.460932340535430640e-01 6.362487289520025735e-01 -3.110527440592796705e-02
9.478801385446701255e-01 -5.021670706325180866e-01 -1.800045228871172479e-02
2.873177168519398528e-01 -1.025491851400432974e+00 8.467873649846845499e-03
9.334000697345290476e-01 1.030837786092832609e+00 9.256456015358469416e-03
2.726277309391889059e-01 9.790356872196196436e-01 -6.898541631220572561e-03
1.595239740330470918e-02 1.005516878743313969e+00 -1.736790773724522507e-02
2.591885194584507279e-01 9.901043843048044080e-01 1.028324051710798135e-03
1.847129522115270039e-01 -9.560258393306990676e-01 -2.289703860289234085e-03
9.108477399299651500e-01 1.014006040700854205e+00 -2.192866544486415502e-03
-4.152808631967090658e-02 -5.403271350136285012e-01 -7.561912088216897823e-03
-5.509539855678446951e-02 6.187310272059425298e-01 -3.191426215641597619e-02
9.635421353341052653e-01 5.864896296989307034e-01 -8.641232064727152884e-03
7.551010886656310817e-01 -1.001364554585563393e+00 2.675798948873297362e-02
9.709848834180569987e-01 -5.426792233136036314e-01 9.385265991062725216e-03
2.009442150584429265e-01 -1.000756209544889863e+00 1.583156490774450045e-02
9.567752271123153296e-01 -9.577671653850934330e-01 5.033743462487101812e-03
3.530378193838790146e-01 1.026521014782747709e+00 9.642516001640207566e-04
-5.316287886461538992e-02 -9.708733314890546362e-01 -2.607886706732493592e-02
-4.587454916669377741e-02 1.505474267476148431e-01 4.904917948898572522e-03
1.843082653084736344e-01 -1.050300154759070237e+00 -4.874918914241580664e-03
6.128226775316317765e-01 -9.908964923061440722e-01 2.260145124970197247e-02
-6.146420283875253521e-02 7.821705301949837263e-01 -1.887220337507002424e-02
1.302679841975226682e-01 -9.877547046731761649e-01 1.997279721210165268e-02
-5.020628652945748061e-02 -4.739827777594198266e-01 3.639707380867700931e-02
9.391322884616313260e-01 -7.991702648940797182e-01 1.167446040064939843e-02
4.962585836026111585e-01 9.671214308573052865e-01 -2.838258203565446197e-02
2.948828580643574407e-02 9.765806603520595930e-01 6.698045632752347607e-03
9.777006494115183521e-01 -1.079136792704701586e-01 1.400804344305997193e-02
9.073010371806113916e-01 -7.120325400444904584e-01 8.344583427138110507e-03
-6.839627659414530825e-02 -3.089195458457986154e-01 -2.718951716783270592e-03
-5.575269930458821160e-02 -8.605422204175799950e-01 -1.303701314593120643e-02
4.739397975367787841e-01 -1.011582970114325963e+00 1.112620889134664608e-02
9.222672273089919104e-01 2.707140123074786575e-01 9.117739350384320221e-03
6.912435466436382958e-01 -1.019945685043442740e+00 8.412494708947051633e-03
-4.529767425806335845e-02 -6.068507891549947963e-01 1.064549384510867121e-02
-5.726664501444273664e-02 -5.954569653814776459e-02 1.512567866673196829e-02
5.575477051307207166e-01 -9.734779103332191763e-01 1.424015708447620189e-02
1.375005977829195092e-01 9.933462526639400547e-01 1.803468709487706864e-02
9.156067401426480901e-01 2.386024566052084017e-01 -3.309625255185034282e-02
2.821307928300281070e-02 -1.005610929018874389e+00 2.263916216337507736e-03
-5.096461109012052210e-02 -6.485061774139343205e-03 2.946431136775515183e-03
9.245616301583789998e-01 -4.731007822724165868e-01 8.933606793879861341e-03
9.184902223534671117e-01 5.022305389748239479e-01 -1.889942685280157977e-02
-5.870313032593072605e-02 6.662400008639093318e-01 2.047445351912127644e-03
5.660970193492993463e-01 -9.723777705123625159e-01 2.765678788588144324e-02
9.374968350739180112e-01 1.334093948218459114e-01 -1.213211138206078806e-03
-7.605102351772249913e-02 -7.567069482710844230e-01 2.477755521238900541e-02
8.071983144173606739e-01 9.901622292843389461e-01 1.649372037642540811e-02
3.694775037190426437e-01 -9.993457269120640252e-01 -6.452299469656119779e-02
4.145558982380156965e-01 -9.893257329601385930e-01 -3.070193620240609794e-02
9.360499566618465384e-01 -6.515620310312549013e-02 7.283106485702452344e-03
2.179691381165344277e-01 1.004712688530121190e+00 -2.542538743583467806e-02
5.664301030276006621e-01 9.933872366895042383e-01 -3.324291164314509099e-03
9.470978745138923793e-01 5.732121325185961513e-01 5.924654490657522109e-03
1.269656280680079297e-01 1.010866276981670975e+00 -7.181194807406382974e-04
8.755727872975669346e-01 9.611534060634270293e-01 -1.762160702126582337e-02
5.587758852940872822e-01 -1.028199197987852864e+00 -2.701295502059925576e-03
9.051017685879533259e-01 -6.779753139144681362e-02 -6.235295628712760746e-03
4.452193914248550599e-02 9.988488808494014881e-01 -3.162422867109552366e-02
9.450051453621213238e-01 -8.679888714363852564e-01 -3.232250268554898859e-02
9.428158755962494642e-01 -2.936770191881096226e-01 -1.363522109651375477e-02
-5.996355413027423809e-02 -7.430426215943998214e-01 2.303695653225631620e-02
4.448810199400743404e-01 -1.023006265082804678e+00 -1.121537000795456073e-03
-5.780432176912425613e-02 7.722394973410540153e-01 1.813987051951990864e-02
-7.630552269329557435e-02 2.294398527118239883e-01 -2.879993547172549854e-03
7.831973805045261416e-01 9.955570082918550057e-01 -9.339896920150277462e-03
9.124936542594657141e-01 -8.385324911309812723e-01 2.476654543883196821e-02
6.209219636649548901e-01 9.996042193643680518e-01 -3.850171641059369973e-03
9.312278374726647989e-01 4.732264768461622029e-01 -6.670797976486378747e-03
-3.588990033286939413e-02 1.829873238248030942e-01 1.362421330696504500e-02
3.026599183599658627e-01 1.002525532738200997e+00 -1.245254611946941710e-02
5.700358715676148158e-01 -1.001482719465495830e+00 3.588112641159454247e-02
9.144610833877024891e-01 -2.263130730705301963e-01 -4.695502095090614038e-03
9.618416613592356557e-01 8.054614364769314694e-01 -2.575903594004828445e-03
9.402318735863515187e-01 7.243230668072636602e-01 -2.209793292587440214e-03
9.511650753304452532e-01 4.719634682031746409e-01 7.647336058420732899e-03
2.817644549963521650e-01 -1.008098392766135110e+00 -1.036779428174566635e-02
9.569319617683924584e-01 -6.938942204777012179e-01 -4.440952577175361939e-03
-3.062862761146205315e-02 1.008599466046821602e+00 1.001727644780314556e-02
-7.902433542919459764e-02 1.819054843974021729e-01 1.974151866247812054e-02
-5.904011367420892303e-02 -8.339228202826950431e-01 1.491785590875935492e-02
9.223098113151970701e-01 1.957636662326959209e-01 -4.569736937335113630e-03
2.579879659887317489e-01 1.032729512210428968e+00 -1.336760893098600141e-02
1.915778809449841524e-01 9.721198490038764906e-01 -2.513730049682438503e-02
1.599547243947178898e-01 9.878539802774591871e-01 -1.794935678450208013e-03
-4.753902149880073758e-02 3.471260313125525410e-01 7.864654984847053304e-03
-2.004989924845081151e-02 -5.855174487378617121e-01 -3.938351377085361833e-04
1.758245406805903910e-01 9.912167370738332872e-01 -9.009859105066384682e-03
-6.339528874732114350e-02 7.641169445709210528e-01 1.524652776252414035e-02
1.914628621958971433e+00 1.537513599224737959e+00 -3.468213903668000697e-02
1.978585206297367449e-01 9.033831113689081427e-01 6.242174136825373587e-03
-6.475083924916141820e-01 2.509993459169018948e+00 9.300198774992204931e-02
1.134530889132358222e+00 -1.645879584881162483e+00 -8.772976108359853420e-02
6.672946526511429610e-01 -1.086415126398671882e+00 8.335564774860212967e-02
6.097293140541506506e-01 -4.861277148730236419e-02 9.868825727585403551e-02
1.369535910241830745e+00 -4.590103996051850821e-01 -6.735443400349394594e-02
-4.697960878329741075e-01 -2.240136292421199826e+00 8.027665593100752339e-02
5.199409787063418165e-01 1.826215927896029712e+00 -7.597663958855090105e-02
-1.922264674097748927e-01 3.559893652216308269e-01 1.932147915032218777e-02
1.470027006406422476e+00 2.861259457975892317e+00 -1.542437253950715292e-02
1.101404000031766639e+00 -2.974181638796602467e+00 -4.539083696830650827e-02
1.563943532276894199e+00 1.479738260714376530e+00 2.154701758849406068e-02
-5.477174753915813321e-01 -7.679721408876489797e-01 8.150917188822576209e-03
1.826197894718577519e+00 -7.775929249154449607e-01 3.551864415509947692e-02
1.128000115737703091e+00 1.027739178833359190e+00 4.031728055430278124e-02
-8.263400635042436049e-01 -1.249105921480519577e+00 -3.965471250797769631e-04
2.541360047337812844e-01 -2.454052215712450469e+00 -8.463225660368151049e-02
-7.512837980572110164e-01 -3.463937047728715690e-01 6.926259480201282792e-02
1.376080846440901340e-01 2.417309491656201459e+00 6.498879564408005516e-02
