-3.564379739857778118e-01 2.494023386547413179e-01 2.066610325081850302e-02
6.432450516952389341e-01 1.007766471210648662e+00 -2.103258738854012558e-02
7.147000219984071812e-02 1.008016013118162801e+00 1.202821084860354432e-02
-3.342740144011136505e-01 1.005306031157439994e+00 2.812476084390102063e-03
2.123256770815922304e-02 9.668162545401189911e-01 1.422539429102269784e-02
-3.525717743948886262e-01 2.250056965544476317e-01 1.715176869353020892e-03
5.135632720934171225e-01 -9.968124027072995386e-01 8.125899781598625027e-03
-2.347394518562774257e-01 -9.910331941663765853e-01 7.706434850095747989e-03
-1.104867688487315147e-01 9.898540532406002734e-01 -1.823902314213101533e-02
1.056248898312245194e-01 9.871251426642958515e-01 -6.330124933430880674e-02
6.662394127993285231e-01 4.747776243106003879e-01 -3.962705098114904616e-03
7.493712369655076977e-02 -9.917481743722690313e-01 -2.705456201088100865e-02
5.710916468184860095e-01 -9.777850554178277864e-01 2.214319061021394197e-02
6.379861375473957485e-01 -4.401225611546415450e-01 -7.650208235871157596e-04
6.688540674929521757e-01 6.304669840368449796e-01 -9.843052132865721601e-03
-3.242558570758623526e-01 5.874309059455774529e-01 2.141641806501304313e-02
6.397724552558577971e-01 2.319972361214171219e-01 3.901610820949496551e-03
-3.664408876084797595e-01 6.944602587855999709e-02 2.216946912835750239e-02
1.554760012757633314e-01 9.950118251754690446e-01 1.427177611087266339e-02
-3.555730613304258214e-01 8.619872504346672848e-01 1.350506831587195040e-02
-2.433489786196223192e-01 1.002909984700204982e+00 5.532746044007351427e-03
3.338155917086547686e-01 1.032681725238993931e+00 1.839507089138862905e-02
-2.455434212686520290e-01 -9.806169705994864927e-01 1.836136840412559007e-02
-2.238773897420878178e-01 9.772653401244112414e-01 3.928761892031417714e-03
2.783316360041013793e-01 -1.017321997903388953e+00 2.346197831893745075e-02
5.603441694731063905e-01 9.539364928153534207e-01 -2.462906457566837667e-02
-3.240998718305255766e-01 -6.972447267472328125e-01 1.838639167954481471e-02
6.346416576215584415e-01 7.619914922034725091e-01 2.136696523526923630e-02
-6.530386901912961506e-02 -1.003369926183010241e+00 1.927434549310561018e-02
1.048053339700565079e-01 9.745989531315559784e-01 4.098176362229719732e-02
-3.644637996098275545e-01 -9.855731784119046157e-01 3.103344449464324334e-03
6.532982264993457688e-01 6.302108547259270832e-01 3.554399653449850233e-02
1.251900524884937693e-01 1.021007927858521569e+00 1.907943353006158818e-02
-3.664814659470566616e-01 -1.021268654061598724e+00 -1.856627453058882701e-02
1.878810286693564577e-02 1.010730186234757300e+00 1.700582598685999522e-02
6.014246310831231623e-01 9.502460339972420567e-01 -8.138175186205192854e-03
-3.715002299889038628e-01 -6.939376498800365889e-01 3.122840650688456926e-02
-3.571679150174121853e-01 -5.866440626192377383e-01 2.447800645268032732e-02
6.233980619593105788e-01 5.588227256735066595e-01 4.598217072572136771e-02
-3.790034600946968757e-01 5.685038459665562316e-01 -7.263937216296118861e-03
1.285093264784585299e-01 -1.018167689920887575e+00 2.072633253349184454e-02
6.588571168565060532e-01 6.978755358587274138e-03 2.521797357462699646e-02
5.667150838169959792e-01 -9.929632285862652896e-01 -2.124060284387239983e-02
6.499638828212521702e-01 5.392904053725271485e-01 -3.190900813592815327e-02
-3.547475368176114530e-01 6.537564223126641760e-01 -2.202132318064812036e-02
5.232459591275952920e-02 -9.958311520299504283e-01 3.534203172090417955e-03
3.122657011597763654e-01 1.009742010527028944e+00 1.850609738682814503e-02
-4.051497936997257993e-02 1.027875791267219840e+00 5.102390667410051754e-03
3.754514101892917344e-01 9.800563529962149634e-01 9.585714476312191465e-03
-3.655063430304428262e-01 -9.054427525124729703e-01 -2.304459683406825596e-02
-3.949188197626272712e-01 6.693575750964748661e-01 1.138256384545732400e-02
5.596422630639850126e-01 1.005255834937635262e+00 -2.145724444422984767e-02
6.362095379648111670e-01 3.831449697605426308e-01 1.815292333829974375e-02
-3.573786672014888643e-01 -1.862349903486112401e-01 3.904927247380830108e-03
6.285552067826005729e-01 -9.732765409486608954e-01 8.427665444243070264e-03
6.467163853932094142e-01 -2.926430064608493420e-01 -1.575192907597149777e-02
9.339026994875516963e-02 1.033883064106102534e+00 -1.477227839747815782e-03
-2.556762485540995944e-01 9.975657513034090762e-01 2.900619902351773971e-02
6.367599132757080227e-01 9.332952824030074090e-01 -8.661852870628620679e-03
6.615214165534548663e-01 8.903734450658404853e-01 -1.420773198555611884e-02
6.312610208653228749e-01 -8.700288764462555946e-01 -4.125783191490456575e-04
5.932615174268998093e-01 6.640624204285272558e-01 1.139528944024925487e-02
5.003053228745215630e-01 9.728015872774552486e-01 1.460668631484031248e-02
6.541471612809383052e-01 7.363105388667862128e-01 -1.089586010019500707e-02
6.410084297126305009e-01 -5.956474589431050293e-02 -1.452372275864490317e-02
-3.475690663481894038e-01 -8.442109461572305795e-02 -2.569253793930091276e-02
4.802540262261673076e-01 1.019929510013997564e+00 1.446783399051211659e-03
-2.709366047389493715e-01 9.820024406398989436e-01 -6.833485154593079910e-03
-3.593063469330300963e-01 3.214189189052130136e-01 -7.535485471402826683e-04
-3.463115826274119624e-01 -1.647236549387509630e-01 -7.867994890085126813e-03
5.817953240397871761e-01 -1.040076334830124516e+00 -2.639499365984712166e-03
6.643239241401414086e-01 8.863591798842945790e-01 2.359273510451953201e-02
3.799098110537203477e-01 -9.749503502207590433e-01 -4.471794697881746605e-02
6.492829980784931010e-01 7.105701053615480767e-01 -3.729156603618036941e-02
-2.415474090515682404e-01 9.957266005677337661e-01 2.575941761380185976e-02
6.401653068400100510e-01 7.529908084399460355e-01 -2.735594423851157170e-02
-3.751227718072406847e-01 3.136147727955105324e-01 -1.368558828442496128e-02
3.145416891110738300e-01 9.981448063797585535e-01 5.637425772306664529e-03
6.772830342099652734e-01 1.783574357708174740e-01 -1.213678136046916767e-02
-2.843769724123512699e-01 -9.846824040261611399e-01 -3.105335273484798042e-02
6.199608579243172102e-01 2.269209300806806495e-01 -2.942949337506135452e-02
3.204995349054454712e-01 -1.024905911087184762e+00 -2.537192847285485442e-02
1.322091642005501430e-02 -1.031562466304955628e+00 -1.266029642939019845e-02
-3.653355674925733432e-01 8.225759430739794098e-01 3.448115151475309587e-02
-3.645262472995651204e-01 -3.493295166544782560e-01 3.037912361200581848e-02
8.466564258174047453e-02 9.876506039597716669e-01 1.017580013815174399e-03
-3.383307492093121094e-01 9.838679003658195033e-01 -2.009737702217211097e-02
6.464419821153861712e-01 9.817664137114086031e-01 -1.683159307354983305e-03
-3.046208077150148741e-01 -1.010304254783956690e+00 -2.037430543273525962e-02
6.437259122673457679e-01 -8.359657416060195523e-01 -8.713635619588565306e-03
-3.323465235694822439e-01 -8.199169615669802402e-01 3.737027302856876700e-03
-1.651080504644670405e-02 9.979635701191077457e-01 3.498095965831655996e-02
-3.673977563642801258e-01 8.194038674175322390e-01 4.469710962658639958e-02
4.775321390019147683e-01 9.799648246656635919e-01 -2.323854458165784675e-02
6.409678031965393430e-01 -9.905827688244368545e-01 -3.356329169168376786e-02
-3.952197432808976507e-01 9.676153916447405301e-01 8.783599194774102670e-03
6.303860056256949118e-01 -8.073795962132993553e-01 -7.645083261083180683e-03
4.842190740613171451e-01 9.983243362524408804e-01 -2.730564202753451609e-03
-3.535815976882575873e-01 -7.373618430255751699e-01 -7.164495192564660289e-03
-1.468334552009338267e-01 -9.765680599008523810e-01 1.771613835861398159e-02
6.649269026444247777e-01 7.029937908205810548e-02 2.426983248530614409e-02
-3.569531972968308375e-01 7.751564999225389885e-01 1.119839251234010929e-02
1.209786531175307822e-01 -1.017765225516691574e+00 8.088139180549186111e-03
1.579664634529089617e-01 -9.728350574881556856e-01 2.596815417509147975e-02
-2.911817029649119148e-01 9.639442831025269998e-01 3.097413659808992414e-02
1.200425363333441076e-01 1.017444970455579245e+00 2.207072860143023240e-03
1.945246592518472817e-01 -9.930332815743536656e-01 3.679158957231101063e-02
6.317715351106329980e-01 5.111203636669137129e-01 -1.157557038119893904e-02
4.560005160118034140e-01 -1.013671780803525824e+00 8.563766819710912429e-03
-3.598700844802260601e-01 -2.842150183245607115e-02 -6.263860727921705118e-03
6.255271539282148963e-01 9.463703841324718757e-01 4.410943046330505213e-02
-3.665282259677206667e-01 -1.196350681286132561e-02 -2.409621452512234092e-03
-1.000494708016652912e-01 9.782936654001709309e-01 -2.870343210919005031e-02
5.907799153379229562e-01 -9.837791244026253823e-01 -1.384094103697184296e-02
-3.670379349385839429e-01 9.443902060270306098e-01 -2.944260251569969997e-02
5.956929197277001098e-01 8.398672283778119141e-01 -3.852051619968525301e-03
-2.767976914883044648e-01 9.716837448414388234e-01 -9.114202749452638905e-03
6.397463687134939958e-01 -3.891216439342538025e-01 2.849559261852554690e-02
-3.544521371475876648e-01 -2.817995784384156321e-01 2.701418923619358994e-02
6.162461572123607567e-01 -5.907973678857196820e-01 2.790945010992195580e-02
3.127243239659412422e-01 -1.003874791932582555e+00 -1.671062884958710026e-02
6.507649917261619787e-01 -2.128343417227482326e-01 -2.565664060699190084e-03
-3.529114963686555417e-01 -4.043680186069994464e-01 1.103293370881887163e-02
-3.701713144475449191e-01 -8.978958405516803687e-01 9.890190875392886743e-03
8.831572100417608984e-02 -1.002616442760564608e+00 2.915267276388562243e-02
4.543318530744306916e-01 1.017119321677975918e+00 2.332654891456447527e-02
6.170254412565310265e-01 -4.493062713055037682e-02 2.545063041266802314e-02
-3.529876131223065316e-01 5.312353409905515855e-01 -1.324651844397408719e-02
-1.902524073411784866e-01 -1.023564021671305113e+00 1.007692802456865155e-02
-3.383573864210632220e-01 -1.537909150956580651e-01 4.190161889496364644e-02
6.361624739153104446e-01 -9.088350898422151714e-01 1.139094469127804703e-02
2.843973255682974433e-01 9.850673553192386134e-01 -1.394549184929015639e-02
-2.932880617056659034e-01 -1.017528554118854345e+00 3.847177076170992492e-03
-3.771966560200544216e-01 -6.562545448568523065e-01 -2.181729132656329631e-02
-3.665716374793479004e-01 8.837238264879182514e-02 -6.719880726442432374e-03
4.320556348916584910e-01 9.936846144851536611e-01 -1.712969396767734243e-02
6.432563017304842035e-01 9.980617975560185373e-01 -6.684763991244274846e-03
-3.599976745165891501e-01 1.026984681822981499e-01 -9.629555290422033356e-03
-3.573001107523703923e-01 -9.473196251878313046e-01 -2.275217293459244963e-02
4.681632839741615704e-01 -1.009315084024744236e+00 -6.984601110302138954e-03
3.366581410218578707e-01 1.002993985666159382e+00 3.457799454942773326e-02
6.299383073685845824e-01 -4.985675185160916012e-01 -3.874953354011584361e-03
-3.096656425036128368e-01 -9.986926333589251081e-01 3.168798975217240309e-03
4.365004992904110079e-03 -1.029022767692865159e+00 -1.931429616158887932e-02
2.520804951814743511e-01 -1.006360178846737563e+00 2.277280420472136552e-02
-3.503200416936174122e-01 4.792694047879689917e-02 -2.007918237636295219e-02
6.623810746858843634e-01 -4.537875550207409736e-01 -2.705145049095074652e-02
6.055201254575923731e-01 -1.387044004862136859e-01 7.707061313548635266e-03
2.245170108703900547e-01 -9.985043870593514059e-01 1.372308219110254454e-02
6.326285559010699222e-01 2.562930494881821009e-01 -3.443512207502135575e-02
2.354537321464721944e-01 1.022717207115833693e+00 1.747026087621041807e-02
6.361245345646639182e-02 1.034521636597282912e+00 -2.088325778665004601e-02
-3.601287776687018272e-01 -5.524773272044634087e-01 -1.339430169515279725e-02
6.404149422271585568e-01 -2.015812111338695367e-01 3.043947467282221916e-02
-2.883240568084964872e-01 -1.014379332915206655e+00 1.605007203087640416e-02
-1.090000479152596902e-01 1.003594993398961632e+00 -2.519000453366788527e-03
2.525382701169882615e-01 9.665624649544698466e-01 -1.394842789803126849e-02
-3.518760813942931054e-01 -6.170007375334065625e-01 1.488800692433176268e-02
-3.626905992186324479e-01 -6.318269903568877188e-01 -1.272922165868459535e-02
-2.980879586277113691e-01 1.038494324488087095e+00 -3.354527618665985311e-02
4.581075106820495790e-01 -1.005781439562148716e+00 -8.838222139611549497e-03
-2.468810985217555487e-01 9.816136758147595565e-01 -2.519531259859175004e-02
6.720571245791758797e-01 -3.772567926219260737e-01 -7.333483596792292683e-03
-3.741390809740255952e-01 6.526010303258916734e-01 2.648987241444902482e-02
6.338531710975467970e-01 -4.330715922998992218e-01 -2.641042163841161253e-03
6.134184792422487931e-01 -2.601635154424096763e-01 1.729474398891183914e-02
1.849532851189419069e-01 -9.879892572940263129e-01 2.689710787968595425e-03
-3.530463259138029164e-01 9.678674219794354272e-01 5.539573010110636993e-05
6.668950063948667628e-01 8.778668428328043616e-01 -4.790219094629045993e-03
4.888069986568419623e-01 -1.007860192124312659e+00 7.933833615430749275e-03
2.221356724710064345e-01 1.008782183629376217e+00 -1.710335861470168315e-03
6.312789281311534939e-01 5.150647302079457424e-01 -1.241309347813212421e-02
6.206683466155590301e-01 -5.569234947734047481e-01 1.299547696928159482e-02
3.667169306838690135e-01 -9.975358497590259832e-01 -3.670660342606572174e-02
3.072163264815410133e-01 -9.902577166726534985e-01 -3.168682259031931070e-02
6.645065180938318772e-01 -2.271500027306354863e-01 1.511137469828633013e-02
6.097886423497097530e-01 -3.026817464928605594e-01 -2.810139088688400066e-02
6.512476142514752597e-01 -5.903439721011892738e-01 2.033585896514489288e-02
6.221842286092236218e-01 8.426679110005783069e-02 8.438541447217557398e-04
6.199199912309963922e-01 4.514342064487058409e-02 3.332508762828233911e-02
6.597367474455027025e-01 -4.257842084720752651e-01 3.711806578295377083e-03
6.024130877889132263e-01 2.436794029159619068e-01 4.216015640894020186e-03
-3.643832713142198809e-01 7.402023528612654280e-02 -7.075694402867462908e-03
4.641767021600275434e-01 1.017894373940102737e+00 -6.111776719835240214e-03
-3.662107214156523072e-01 3.575730947993401021e-02 -3.279580041630417858e-02
-3.214289387402958220e-01 -5.765391729874228544e-01 1.533671192184401545e-02
6.285094770102163109e-01 3.780562962355427659e-01 6.714493328880797793e-03
-3.902929381035175060e-01 -6.433080238791141214e-01 2.067580864251325739e-03
1.950951925525468700e-01 9.685787972385242472e-01 -2.906288200452497236e-02
6.318771162066825209e-01 -1.342729030099103771e-01 -1.422638521454381785e-02
-3.395198679331391522e-01 9.959987441616064974e-01 -8.206772213072107899e-03
-6.677781043374930725e-02 9.840034951500418181e-01 -1.434256081983772621e-02
-3.458788763181654402e-01 -6.569777788210219294e-01 2.381837829019148312e-02
6.511678010386593440e-01 1.343996488475698303e-01 6.237293143464114377e-03
3.365857255518285851e-01 9.819169022097588018e-01 -1.240141557802818505e-02
4.150407874758300086e-01 9.758768611267868431e-01 -9.514747003432388536e-03
-3.282392214383405560e-01 -6.186944279418230552e-01 -6.558695020287073907e-03
1.402583715840535483e-01 -9.953757740582400704e-01 -8.946701330010626077e-03
-3.881393007085948699e-01 -8.072743139533005152e-01 -1.934092049597925175e-02
-2.528370729601944200e-01 1.007404960529084903e+00 3.504275726812561796e-03
-1.265968638301533389e-01 -2.064495431788753166e+00 -9.786999145369067177e-02
-8.124832195325446538e-01 -1.238367620932099289e+00 1.624925429565171608e-02
-2.645122594424260676e-01 1.002900977723953702e+00 -1.617669338705325643e-02
-1.529197366269496872e-01 -2.573518899036354668e+00 -3.694666149435686664e-02
8.809410179695560394e-01 1.123158524783306689e+00 -9.825537897777543439e-02
-1.268830691139254174e+00 -4.940160951608500994e-01 -8.757755987780016516e-03
-7.902017601903185140e-01 -2.756096905128733621e+00 -5.822259112143466503e-02
6.133856547832494677e-01 -3.439650889020429148e-01 3.611092160539702833e-02
1.278543096805902834e+00 1.086369577801390207e+00 -6.441663688730328574e-02
1.321498133053760959e+00 2.313531986042098865e+00 -8.882760125084671055e-02
-1.726374778304373692e-01 1.986247434877286722e+00 -3.437799288742370007e-02
8.530130091663146175e-03 -6.612364183962351483e-01 -9.255473054821275469e-02
5.812719127041536815e-01 1.550327534185233169e+00 -8.755462537245908838e-02
-1.365441159170370788e-01 2.046834727717015134e-01 9.504461511272940810e-02
-9.464585870746281548e-01 2.809053308061375098e+00 4.223946409329115692e-02
6.557326934533738161e-01 1.582087707290749101e-01 5.061714092055188963e-02
7.849269441314743467e-01 -5.308036502967476977e-01 -4.666693455794171386e-02
-1.261332201118311680e+00 -1.037044616994570623e+00 6.111535634014661489e-02
-1.126330356379293463e+00 2.199950998738508190e+00 6.546477333476546923e-02
5.952117487374297689e-01 -1.791080970289549157e-01 -3.175709216893139730e-02
