7.219062952203371131e-01 2.626295808998472814e-01 3.594686729277654647e-02
-1.993164286676418762e-01 -9.727466584030544094e-01 -1.055313874718135161e-02
1.587186574598307143e-01 -9.823800844467660554e-01 -2.262661958576082932e-02
7.183133906825986958e-01 8.277335975198552021e-02 -8.301948340727996131e-03
6.145931845439090990e-01 -1.006792950643912388e+00 -1.098691035873862465e-02
3.035502231385356908e-01 -9.786391635102942299e-01 -3.066688069088927687e-02
-3.143696181870359041e-01 7.670648693236761240e-01 2.013633292453355719e-02
6.644464911880023639e-01 -1.917495897581200925e-01 1.099119065787823764e-02
-3.034247408295076553e-01 5.426346165720487003e-01 3.265520210861563855e-02
3.876360652710663657e-01 -9.705708467511331428e-01 2.574286208147146936e-03
-1.538719380231165501e-01 9.944974645131899882e-01 2.137687211233055967e-02
6.879590379101753195e-01 -9.978131606292174327e-01 -3.327314917945170016e-03
-2.984769120629319206e-01 4.598544192601372038e-01 2.621977037270521033e-02
7.704965524059154830e-03 -1.023561026043523947e+00 -1.267645540842171148e-03
7.116217947293367319e-01 8.561963724293930600e-01 -1.136816786959909910e-03
-5.925498748472631666e-02 9.982914857988655077e-01 4.617757927789721450e-06
7.202480043204569915e-01 1.488160758705298070e-02 -1.063650449995084957e-02
1.406776415916888290e-01 1.015672744854118514e+00 -1.565329587076083953e-02
-2.986373139148482680e-01 -6.719924463558478722e-01 2.382836400605784291e-02
-1.017879123884968678e-01 -1.035725282988007256e+00 1.683472061064282890e-02
7.133832666024890745e-01 -1.196560841429685079e-01 -1.815168759000159587e-02
5.734510530721623756e-01 9.916024518404962240e-01 2.841926251587991153e-03
5.204031115485173720e-01 -9.892777892320981925e-01 -1.895684855774164984e-02
-2.785569620641066835e-01 1.007752755762924002e+00 -1.355244719764265443e-02
6.989640440339216498e-01 -5.082917950659512213e-02 4.866245834514687507e-02
-2.868235146052012241e-01 1.516711134833128582e-01 -6.342726532571963012e-03
1.737874338645689909e-01 -9.891835725448921979e-01 1.874233472482641355e-02
5.416370358977549149e-01 -1.011567978136508561e+00 -2.583206296793629387e-03
3.183831206590180818e-01 9.779642781884693159e-01 -8.378456434188162258e-03
4.757774461703079827e-01 9.767211190388965791e-01 1.266942537994964098e-02
7.099363068170019275e-01 3.153896593973953832e-01 -1.721009957532226159e-03
-8.482558515939164767e-02 1.041467353509994309e+00 1.213061716258764626e-03
3.538583056090233159e-02 9.845632369067706113e-01 1.772611169107960946e-02
1.381023933158148365e-01 -1.018787890454823319e+00 3.764807692911063125e-02
-2.435417495542849808e-01 5.117903951016610220e-01 -2.570093337687065840e-02
5.121930516590670335e-01 -1.002262837225308179e+00 -1.805829153923226710e-02
-2.889260325661203721e-01 -8.264588524953097037e-01 -3.272226399920120932e-02
-2.638951720130712220e-01 9.596655809935201731e-01 -7.601581048665630169e-03
7.034964767565446975e-01 -3.722076518203284445e-01 -2.528448677470652994e-02
9.690163562776296646e-02 1.024839303786045708e+00 -1.892585116521037711e-02
7.015714677875309890e-01 5.238053759383385355e-01 -1.350241856739193246e-02
3.384785161277443777e-01 -9.828823836436025863e-01 -3.030933504096122028e-02
6.854064840389004765e-01 9.802834533738802314e-02 -2.063839425063068375e-02
6.934191446204279741e-01 6.427270622848801906e-01 -6.520755347967777463e-03
-2.763568621333997166e-01 8.871978944534519851e-01 1.809489609133168794e-02
7.491147577728745066e-01 9.187492514114892206e-01 6.035137467813461026e-03
6.835564967275669090e-01 -2.826481710273719417e-01 1.658253798023243478e-02
7.194670314018769552e-01 -2.773987539121476331e-01 -4.104915313744220140e-02
2.751881483239302928e-01 9.927837350722100718e-01 9.883750060584574424e-04
9.352859128838147962e-02 9.524460304092337015e-01 -2.290953867202682667e-02
-3.105117882467263168e-01 -5.764579210287142930e-01 -9.768189152652498319e-03
6.659545531749719860e-01 1.019302797141423467e+00 1.527346157978802738e-03
7.098210916139311433e-01 6.579018870136119634e-01 -1.486375730683922071e-02
7.027997042368621106e-01 -2.765798570502889797e-01 1.697585135708437913e-03
7.007316802164678116e-01 5.229922032860712111e-01 2.800857808515033395e-02
5.171667659595492461e-01 9.980278063155741952e-01 4.851764024435738318e-04
4.660672683783302350e-01 -1.001933262214971476e+00 -2.303301123906483991e-02
-2.906038323069093932e-01 4.277739065360434689e-01 1.454931014198771952e-02
-2.604405260309270442e-01 1.039752738862574466e+00 2.180251905032244350e-02
-3.104750362407412423e-01 -2.004877055849357548e-01 2.096770293935161338e-03
3.481490154979822171e-01 -1.019286008503108354e+00 -8.285096712282467857e-03
-1.479834128585964248e-01 1.022187849385130853e+00 -2.132926497341633421e-03
5.660913089316798041e-01 9.952133566905905226e-01 6.610425278502017957e-03
-2.704273632885849099e-01 -6.496190288725588458e-01 1.271525917977123048e-02
-2.913096164491716933e-01 9.694041267129231976e-01 1.885085861448855538e-02
6.977797681823361131e-01 3.820947688959582256e-01 4.263296564303764927e-03
6.865667114592025611e-01 -7.848365534442516278e-01 7.714620130834756381e-03
-3.174421823992717995e-01 -4.509971622823394921e-01 -3.330945862089501868e-03
-2.673725431854911405e-01 -9.370458218855471921e-01 1.521281221285667416e-02
7.025579181235904747e-01 3.224504070210748030e-01 1.424980722075735095e-03
-9.652915630539567193e-02 1.036840502006903586e+00 2.722613536365189185e-02
6.439385130358099563e-01 1.012832072302086273e+00 -3.836324139524070753e-02
7.262413044594441258e-01 -5.139150904720535262e-01 -7.347419821337059995e-03
-2.967485363956282041e-01 4.531714143866326094e-01 -3.522850797695823138e-03
7.222597848328508041e-01 -3.296329674637547003e-01 -4.558529130485288773e-03
7.418219340919446347e-01 -5.908314785812616154e-01 -5.068679725423116955e-02
4.945239747834794669e-03 1.015366943338522177e+00 -2.124668237572589422e-02
-2.601280319836503652e-01 1.499881718060263602e-01 -1.963528518779404652e-02
-3.026449007919593259e-01 7.108351574946827345e-01 -1.380686747403604524e-02
6.444942891891142223e-01 -9.881720321129239260e-01 -1.894750790302740517e-02
2.403689846956040543e-03 -9.834029978449937426e-01 1.412561813427878378e-02
-2.664973922782890581e-01 -9.496937701863437109e-01 -2.983776371926716298e-02
2.717595750114382702e-01 -9.875254669205079106e-01 4.283746466006566750e-02
7.134644453343352843e-01 -6.922424582741386334e-02 -1.552248776833503596e-02
-3.293839302506248456e-01 -5.204110292685978356e-01 1.774726073259368599e-05
-1.329915179258835678e-01 9.740139824613611719e-01 7.933911667127129777e-05
-2.931053427537027578e-01 1.525385174967225921e-01 3.561859654063653791e-02
1.299533251782428733e-01 1.015878573823028930e+00 9.339870153642361970e-04
-2.956245401791927074e-01 -8.278379172745182757e-01 -1.766568045777108451e-02
-2.897053192484930206e-01 1.004430456414235451e+00 -2.708715386823182941e-02
-2.710872978651782117e-01 1.418883387106197880e-01 -1.181681036255660851e-02
-3.019250552453184855e-01 -5.615761906819288773e-01 -2.867347117012922567e-02
-1.392427223115624835e-01 -1.013047433751994575e+00 -1.637684642792228140e-02
1.682885966276501388e-01 -9.904926585958738761e-01 -5.027263982269543352e-02
7.041295148824650019e-02 -9.945137034263380471e-01 -3.737761058908381506e-02
2.079664250508030665e-01 -9.950486140135499369e-01 2.102191927529794765e-02
3.741964543096252260e-01 9.950613592486940995e-01 1.580065996363332059e-02
-2.851667305031898025e-01 -2.510259332679671829e-01 -4.256655643288801555e-02
-3.058170028107645155e-01 -7.956155853200794215e-03 7.457574739598307745e-03
5.962800995735194620e-01 1.005152428802362552e+00 1.942637682594348242e-02
7.642912261567934573e-01 -1.559921846575298698e-01 -5.828859117445696868e-03
4.898165769583244233e-01 1.002054539664333221e+00 -3.009522779499513787e-02
-5.849204668486018832e-02 -9.793640023132088590e-01 1.639711148312588632e-03
-2.722426495917220635e-01 3.693390578066744756e-01 2.023641165924690288e-03
2.022763890440590073e-01 -1.003658852932749257e+00 -2.409091656011346297e-02
-2.754248774695278179e-01 -1.055969223149175518e+00 -2.924157563580116748e-03
2.898890521559012168e-01 -9.822604863939449205e-01 1.076025701936495112e-02
-3.031786591581819290e-01 3.857006782577149240e-01 1.821394291686498010e-02
-3.155107322880602583e-01 -4.268390080158024902e-01 1.789234946726947842e-02
1.653025408169815358e-01 1.042448441775023937e+00 -3.968390944243130325e-02
1.814068997666125338e-01 1.007168497449146161e+00 -1.540016858514984752e-02
8.732363073548816967e-02 -1.019135622909131511e+00 -1.302254779277345863e-03
-1.346063781201541909e-01 -1.009257741343093651e+00 4.344433849062644126e-02
-2.467397287100516479e-01 9.890305945783183228e-01 -9.538044290386600912e-03
-2.594754967409962365e-01 2.230917422307959752e-01 1.304610292024845596e-03
-6.886181409290456634e-02 -9.820014877651113139e-01 -3.597978554042621790e-02
-2.131039997315659351e-01 9.879750622964120765e-01 -1.126713773046141703e-02
-2.435898519837318976e-01 9.800098999990255466e-01 7.082262948956255348e-03
-5.006251627579115515e-02 -1.009520354662495123e+00 -1.686512874076558435e-02
1.703252868831749145e-01 -9.718823216685281707e-01 -6.555101151060930068e-03
3.644594408624831083e-01 -9.911476522467767003e-01 1.623716094340629801e-02
-2.490496125211460188e-01 -1.003657535675382517e+00 9.884263979540810346e-03
6.929124435742664012e-01 6.739099572221509682e-01 -1.059669631928982468e-02
-1.351158192766472588e-01 9.981856962470526673e-01 -4.708386647256339839e-03
7.219825589315604919e-01 -7.452852296361034412e-01 1.207456322971484607e-02
-5.499995558094313008e-02 9.718180645998397704e-01 -4.291454793727801642e-02
6.676977886741430890e-01 9.875328013869340005e-01 -2.468034274772588216e-02
3.500045838579157742e-01 -1.047396773814564419e+00 3.205048945690379403e-02
-2.727232444368611897e-01 1.330048691056829047e-01 -1.864497468432289168e-02
-2.784200699813074720e-02 9.900197025608561407e-01 -2.655112608231341778e-02
-8.239615639929320778e-02 9.958476243207661227e-01 -2.264585417867721190e-02
4.183065043644070280e-01 9.820186573453687506e-01 -3.389360513094364041e-05
-3.173999360593564578e-01 -7.927057008702907692e-03 2.624247292793040892e-02
-2.869388049212165392e-01 -8.987694790107603193e-02 2.394768003325783295e-02
-3.222235404067351761e-01 -9.648214713227749595e-01 -1.588475694342874125e-02
2.575409229354831409e-01 1.018110907550402899e+00 2.624404712113676333e-02
-3.154095666304770895e-01 6.991281310989648778e-01 2.562073982705470598e-02
-2.674403970688658538e-01 8.706924332536777333e-01 -3.857183796264351816e-02
7.466361020033044360e-01 -8.698989195019094511e-01 2.052609822367404413e-02
7.221688714132694642e-01 -6.773131110825376666e-01 1.337095529970920571e-02
7.239918249089082325e-01 4.508627612709581456e-01 -1.738586847900387006e-02
7.030906404339636318e-01 -3.688554424889290972e-01 4.299889553638783918e-02
6.931761502937914265e-01 -8.880122434641050111e-01 2.162984133653877636e-02
4.221043150159823343e-01 1.005377389821434209e+00 2.980283451762369504e-03
-2.892794310715950390e-01 -4.072997953297725071e-01 2.027452892950562524e-02
3.267004521746189050e-01 -1.027292992483853862e+00 -5.373046761964686904e-03
-1.310440421939520171e-02 1.034819853252644473e+00 7.643864391462852799e-03
2.577386820147421487e-01 1.037077401926773446e+00 1.937897918828545077e-02
4.276837047687871984e-01 -9.865150450452635500e-01 -1.176606498717195325e-02
2.557869117528285274e-01 -9.961382201844990458e-01 -3.455389124978803465e-03
-3.016416167385237990e-01 5.548481534464365650e-01 -1.251624363069618606e-02
7.120282391529234589e-01 -4.532341539501910099e-01 -1.261911913186036446e-02
6.905102528924854655e-01 4.517172250310078629e-01 1.710088892208557962e-02
7.046662936572902769e-01 -3.856332154952940572e-01 -1.623377406494013603e-02
-7.558784207263340160e-02 1.036656019330160383e+00 2.507471179968415870e-03
-2.760438279925418459e-01 4.860501176969547754e-01 1.152966527501352555e-02
-2.728350281839203584e-01 -3.603847610793218803e-01 -1.890046760549060970e-02
1.012555513654284922e-01 1.007979188928188830e+00 -2.323919969024283022e-02
5.424957437613217026e-01 9.959506525232056928e-01 5.610522332227205764e-04
5.551078372450096721e-01 -9.991187549163031978e-01 9.379733751076806125e-03
7.390996800802388522e-01 -5.453209458393697417e-01 2.377904747213238634e-02
-3.037466305933946842e-01 -5.890110233910147430e-01 -8.002875755994178289e-03
-2.972297661285182024e-01 -9.186827392845230422e-01 7.711981759382788119e-03
5.633506798029650486e-01 -1.013416437348218402e+00 -1.915717610211372041e-03
3.655523149889360335e-01 1.015583048664049581e+00 -6.310028583191314329e-03
6.430639205828889704e-01 -9.789238487157946311e-01 2.065700707665087468e-02
-2.993038604831248506e-01 2.432614101300975828e-01 2.076671643324252622e-02
-2.735134116016281203e-01 -7.648431959038095584e-01 1.822341178115312972e-03
3.292186381170998377e-01 -1.044901810302789835e+00 3.081662781706498780e-02
-1.441166789844823271e-01 -9.729659557306011841e-01 -1.265577888261620876e-02
2.472774411697515884e-01 -1.003052014534587810e+00 6.902074971417663553e-03
1.749385837814511069e-01 1.020848011309352099e+00 3.233913565074361673e-02
3.993813781025900012e-01 1.025400941375392172e+00 1.002827215146688544e-02
7.193850674809021406e-01 9.300631270002231998e-01 3.717619488308587274e-03
-2.207288594005789306e-01 -1.004599929487013599e+00 1.069724540701722654e-02
-1.990756266472652192e-01 -1.024834779877987545e+00 1.511063002080872443e-02
-5.784097769302440351e-02 -1.026067156907262801e+00 5.902934852617997344e-03
7.244965749999277005e-01 -9.577398411341082607e-01 -1.807897008948760112e-02
1.706489380659853006e-01 -9.820087954534952868e-01 -1.422271580751905545e-02
-3.046965579752987097e-01 -7.325951639260416259e-01 -3.949574891073090281e-03
-2.726510290690415395e-01 4.823236505982491096e-01 -4.673062959967377861e-02
-3.076332196849592138e-01 4.081244933337476177e-01 -2.502806568078760549e-02
-7.848567341828387167e-02 -9.800385492205536675e-01 8.347209099737422713e-03
1.815140393205169345e-01 1.020621358237934428e+00 -9.824906834486632143e-03
7.174817620839131216e-01 -2.075679922626177398e-01 1.911532521928412890e-03
5.467878042463387989e-02 1.010892063606074531e+00 -4.565561366652483836e-05
-2.981586583639276866e-01 -3.860375174394881093e-01 -7.121427336691306398e-03
3.994716291300993150e-01 9.823916039385390819e-01 -2.383245032167341515e-02
7.209176708710325343e-01 1.727765085088993069e-01 -1.383785699734683440e-02
7.005734790780729915e-01 2.529285491363101879e-01 -1.298914463293449756e-02
-2.835411054740244463e-01 -1.001843040353698477e-01 -8.952114994673434495e-03
7.164243508497956103e-01 -7.465186721962524530e-01 2.698522675011831573e-02
7.190045318320991141e-01 -2.533817092319896047e-01 -3.828585126906455804e-02
2.184507916817461370e-01 9.750826149949470834e-01 -1.023387418304043221e-02
6.700458151905842596e-01 -8.168892662074073163e-01 4.587275714392974324e-02
2.800324928515247544e-02 -1.033079507127331764e+00 -1.816428787482850596e-02
5.088342590071791571e-01 -9.764699520210313732e-01 -1.614688908427628841e-02
6.950719853184729180e-01 9.909919740545715117e-01 4.845124814864287290e-03
6.890981682056970259e-01 8.035711268619920578e-01 -4.428580250344101021e-02
5.093039265681506000e-01 -9.976756003665723238e-01 1.209912890681263085e-02
-5.177276762613788330e-01 -1.811071085777181011e+00 -7.614863090287821157e-02
1.497903798269837328e-01 3.979122737479716676e-01 -9.652900985270572443e-02
9.715114292051039158e-01 4.403017338113004442e-01 1.668335713577251411e-02
-1.111509009847042817e+00 -2.919651580567224514e+00 -5.967373803992744030e-02
1.174528709667376436e+00 -9.684387352537910942e-01 -5.446201710644078819e-02
5.187433698515466762e-01 2.631521985798217500e+00 -5.756648545663017869e-03
6.831673370803987844e-01 -6.318795453721075539e-01 2.652226498254672826e-02
1.488934553978669584e+00 -1.047406724405636869e+00 -4.257709279967552413e-02
-5.802795585396348654e-01 2.615847542749691002e+00 -8.318101820320022988e-02
1.362833945936144264e+00 2.688094972069834832e+00 4.296494290957650342e-02
4.421655576528660259e-01 1.553040825754785637e+00 9.207489464877524621e-02
-7.580087871009555389e-01 4.751191613736986952e-01 -4.776234703146440413e-02
-1.148477917129280268e-01 7.897733302308393988e-01 -5.261623490242848394e-02
9.956885899296401554e-01 9.033455905977167966e-01 -6.775817694205377162e-04
3.941407273243058285e-01 2.190271826270471678e+00 -6.571972342652609989e-03
1.407726285387829179e+00 2.256693186662357853e+00 3.862513423348673536e-02
1.225994208647350536e+00 -1.896722489842372017e+00 -9.373271998504049962e-02
8.353291695475419942e-01 2.150856565391707775e-01 -4.596713339012506450e-02
-2.321424290255800216e-01 -2.523190799924752703e+00 1.638217650810616655e-02
-3.507988616057370335e-01 2.863675007416158103e+00 7.361634971771910396e-02
