6.669550388092976290e-01 3.618503443085718252e-01 -1.271829038803163996e-02
6.514211758461211366e-01 9.872790183861690494e-01 -2.626458046743536737e-02
-5.908813241429272667e-02 9.727371563528746101e-01 -1.224021733459572381e-02
3.645891266525967400e-01 9.733312877490738479e-01 1.821282565292713790e-02
6.878131941453111686e-01 -3.625404038592329736e-01 -2.720636375020987069e-02
6.543819373867091338e-01 -6.677903990586628868e-01 -2.494884657577918843e-02
-2.939927042881189112e-01 5.758456343335597305e-01 -3.489297010684299510e-02
-2.148502372760247581e-01 9.807139009009750996e-01 1.329448316175446936e-03
6.849265936477131334e-01 3.069937720736303777e-01 1.236870274888873106e-02
5.382719523935105554e-01 9.719959515854859067e-01 -7.260757795355229222e-03
-2.955916709816162058e-01 6.331419774488243890e-01 -1.330410267055056120e-02
2.331149382159889150e-01 -1.028721247603677114e+00 9.307838116017949290e-03
6.526255307622812474e-01 2.324987240359346896e-01 4.240655142040262310e-02
-1.978110234931896028e-01 -9.877331857799923620e-01 -8.496478911693314609e-03
6.918917805507486252e-01 5.112627274541200473e-01 -2.958952533589475492e-03
6.835810234174537481e-01 -2.535436854288359090e-02 -6.279172623844102860e-04
6.662707306376570715e-01 4.614188497019204305e-01 -1.321152514179004195e-03
-1.877813664225398346e-02 -9.860361379700972595e-01 -1.160762630527437979e-02
-1.394171204414573484e-01 -1.007079368111283069e+00 -2.608690513102169747e-02
6.746062063452423763e-01 -9.301083934342321280e-01 1.913227105862514267e-03
-1.101238390387772048e-01 1.015814639774009320e+00 -1.885821272337498758e-02
-4.426787364742238579e-02 -9.810067375888419372e-01 3.295272019292731780e-02
1.257169020105189938e-01 9.909623008225637575e-01 3.079600731566763810e-02
7.874821397521016009e-02 1.025091594168348497e+00 8.558528170775158914e-03
-3.349599627607456886e-01 7.979953092887828170e-01 -9.856001192031284622e-03
3.981601244633400372e-01 -1.015867690229588671e+00 -1.182208794367112063e-02
-2.554913052696544673e-01 1.015294118235894327e+00 8.618615032433865966e-03
3.006608849701308817e-01 9.968453111279664824e-01 -3.742631887118286899e-02
8.219599599275473345e-02 -9.931645750901415548e-01 -5.173962012990382473e-04
5.899069182716445425e-01 1.042524833697995312e+00 -1.128369755324791154e-02
6.487438887128832432e-01 -1.573592383485912238e-01 -7.681973791505483477e-03
6.790612423828955579e-01 -5.256291900067685541e-01 -2.486613027285003094e-02
7.033336704581755194e-01 8.625556711479126504e-01 -1.383627130047116426e-02
6.798619580484970282e-01 -4.626278906001263236e-01 2.701812088411209914e-02
-2.201055328187618565e-01 9.688199461113127242e-01 1.655553237408916023e-02
5.607380986063925654e-01 -9.883089425637413550e-01 -8.443892013996361079e-03
7.073233198639145014e-01 -3.198213717911026488e-01 1.119601911253685286e-02
6.528671931334942835e-01 -3.376133852533648172e-01 2.152419185376315200e-02
-2.394003659568681996e-01 -1.018855472708183774e+00 1.676367904689467442e-03
6.939963272801967786e-01 -6.757233850559748456e-01 9.460683428578273027e-04
-3.496023580913126816e-01 7.517961446055443364e-01 -1.399559546981665563e-03
-3.098917302112238481e-01 -2.943654418609918388e-01 -1.922644137272384521e-02
-3.458107541489671699e-01 9.864358985004004765e-01 3.197991115710785426e-03
-4.762541403243034793e-03 9.889604792859183480e-01 -1.561763532524256155e-02
5.487106088915817415e-01 1.014048040552248731e+00 -5.275913654887688480e-03
-3.457204307087841655e-01 -5.222654644662449996e-01 1.050295191253405175e-02
6.857886870665892420e-01 5.683803146686375873e-01 1.040395757928861027e-02
-3.244080312227298202e-01 -4.077456717378828976e-01 -3.445423405269167072e-02
2.418129655260655222e-02 9.777425799848995513e-01 3.841143361373319798e-02
6.850088454187703846e-01 -4.606288359098649199e-01 -7.719903046597090084e-03
6.559117715215038169e-01 -2.544857001942563701e-01 -2.933266152693941170e-02
-3.422197630735681617e-01 7.894924940509220335e-01 -1.677437695007684068e-02
6.896863087170762574e-01 1.682385644044799566e-01 -7.443670677417861710e-03
-2.947313554737205354e-01 -3.595855967360023914e-02 2.505590104247179886e-02
6.525166266678821270e-01 -1.253852574021611654e-01 1.195269086070754883e-02
-3.313687995945573950e-01 -1.584696127229675428e-02 4.193303046462137744e-03
6.352247940101866108e-01 -1.471965776221365596e-01 3.298507321008851967e-02
6.770249224838782443e-01 -2.410334349524647923e-01 4.354380713330363237e-03
2.413532851817773162e-01 9.971574668555654997e-01 1.659208812227973978e-02
5.692654090499839059e-01 -9.808299184442826890e-01 8.960873421071494788e-03
2.197262923579508809e-01 -1.002875711028738070e+00 3.247843783748804308e-02
-2.420074566489012202e-01 -1.020335372618381253e+00 2.863627863183757644e-02
-1.212963887613342506e-01 -9.959343613207386481e-01 8.865357746167227973e-04
6.904998269926464483e-01 1.012542279509597520e+00 -1.191538554614908658e-02
2.359956655979884854e-01 -1.003595284719367431e+00 -3.823195352067698932e-03
-2.806592653099143631e-01 1.000101382159326757e+00 -1.822864375203294904e-02
3.669365989519713378e-01 -1.035922263480782535e+00 7.691610749936601300e-03
1.664693574627335027e-01 9.896829110615716907e-01 1.050900844602475209e-02
6.645217821424037608e-01 8.690427163372286268e-01 5.690440263866248030e-03
2.355190234397088189e-01 1.012057998880123266e+00 -4.347092406257369729e-02
5.397605975754409258e-01 1.013108540038018202e+00 2.566215526626882196e-02
6.375630835175361000e-01 -8.732886226600127255e-01 3.182146555420561213e-02
-3.188845448784157766e-01 1.013945897847496225e+00 1.230874751585200877e-02
5.416103592132698319e-01 -9.911644656844829093e-01 -9.569879870431641580e-03
6.618712781952366120e-01 -5.137161155014402514e-01 -2.275325216805907345e-03
6.536909810155160094e-02 1.016663290484245863e+00 -1.853825317767768960e-02
-3.460302890499409312e-01 3.342665809766968144e-01 -8.480960749454797762e-03
6.710937253286485271e-01 -5.338601151975151948e-01 -2.149811646299959900e-03
1.784845427041634736e-01 -1.000463507010625142e+00 1.479432573610187443e-02
2.579448254407944174e-03 -9.810700319353758969e-01 -3.667327638687239988e-02
1.419829341100075359e-01 -1.009033440502376644e+00 2.332539952654455115e-02
-3.248588017965849395e-01 1.373942868694877639e-01 3.244153092841405017e-02
6.385226671836680135e-01 -9.946526649845547352e-01 -1.791301103227515429e-02
-3.051075820608432632e-01 -9.494706100048531106e-01 -5.922692513715333527e-03
-8.054576204381605486e-02 -1.021486649570139349e+00 -3.502460801238932442e-02
1.819285051319821933e-01 -9.837927775203176850e-01 4.180168439823580065e-03
6.717808549768239379e-01 9.583234595422532864e-01 -1.071494114963706008e-02
-1.574599496571174040e-01 -9.811363998415006948e-01 5.005954344449526500e-02
-3.819103306829341737e-01 4.579180525293730097e-02 2.003556591221165167e-02
8.361072883261417774e-03 1.013642754987764238e+00 1.478946015903332377e-02
-3.399242370872049834e-01 2.993018977075674325e-01 -3.029912917853776547e-02
6.641907557596956613e-01 -9.494725202476141934e-01 1.188105578079277740e-02
-1.701769795910719751e-01 -9.825095880695632333e-01 3.120560096719758245e-02
6.475146210059613550e-01 6.073633540250855667e-01 -1.808410643948687654e-02
-3.296226802910627862e-01 5.173955332091789705e-01 -2.159350918466304559e-02
2.107748281246038247e-01 -1.019516596923668139e+00 6.526985639354300310e-03
6.645990301434805403e-01 3.781374799724373514e-01 -4.310027978629310530e-03
1.337267159767236979e-01 9.949285212975155224e-01 2.331583921606918131e-02
-3.685893683085592065e-01 6.390065316539785822e-01 -2.113255021349507226e-02
6.563862875056400981e-01 -5.680985310438321223e-01 2.768591845012635319e-02
-3.676361394032077318e-03 1.043126536421395967e+00 3.204883225928544660e-02
6.569144227522231150e-01 -3.588305206849344842e-01 -5.344282539332900067e-03
-3.342125501078265781e-01 6.006100819278507030e-01 -1.952317108502334489e-02
2.332556211469378471e-01 9.951603191449430730e-01 8.086604986448449675e-03
-8.205666534082847741e-03 9.965065804522561521e-01 6.534517871554170083e-03
-3.064345725234429718e-01 6.921155989156010380e-01 -1.248287773935537540e-02
-3.537201066823674744e-01 1.502727686273063606e-02 1.534143523458104952e-02
6.583712572700627375e-01 2.017064620172928646e-01 1.121952888928017325e-02
6.499448401274762199e-01 8.584215381042640258e-01 1.259331412920898854e-02
1.763515201573288560e-01 -1.006407393937303496e+00 -6.375427511066285996e-03
5.777205274897936338e-01 9.792873365060986712e-01 -5.839427395711646943e-03
6.105822389634320002e-01 -9.472623344434115689e-01 1.493856900200837140e-02
-3.421018647853058536e-01 3.446320028416706149e-01 3.418307699354097839e-02
6.799498694151770994e-01 -7.756142005354059732e-01 -1.926582636635972359e-02
-3.544426311679384489e-01 -2.120427231252724753e-01 2.828691159895896368e-03
6.881783839591193441e-01 1.833498919006832928e-01 -6.448250644801437059e-03
-1.276592119083642951e-02 9.987215653663353843e-01 5.042160868872332981e-03
6.429503033350939534e-01 1.028039484227131428e+00 1.293952379078317470e-02
1.981848323132867629e-02 9.617595946124712913e-01 -6.438011744018327931e-02
2.899187986030085651e-01 -9.908801718232540523e-01 -1.513761161235092738e-03
4.175157764557678175e-01 -9.818133162797536562e-01 -4.090632500632580826e-03
6.344979169065664282e-01 9.893136138712650407e-01 5.025778913319797238e-03
6.819887307399322696e-01 -1.465275810988017346e-01 1.242152725870623343e-02
1.510017141827836862e-01 -9.823038050454151460e-01 -2.293903889655114423e-02
7.475439845085911361e-02 1.009809642912645744e+00 2.125470834934860276e-02
3.251040377161796835e-01 -1.000238111246134931e+00 -2.324864363474233100e-02
-3.427584375784951676e-01 3.674123715671946955e-01 3.381969692261048259e-03
-3.563658447440510857e-01 -1.848041862134312263e-01 -1.111247418344044925e-02
4.441144063214688131e-01 1.011820820290135314e+00 9.539658030253474544e-03
3.057920034761834605e-01 1.016976335987664237e+00 1.383688915637623336e-03
6.698818331287657024e-01 -6.885921764520367416e-01 -2.267263248082694235e-02
-3.350519936307174707e-01 -8.271157127494670469e-01 -1.351016901418915575e-02
5.370127128274487793e-01 -1.006100828467986652e+00 -1.235308192718075418e-02
2.775172327808475004e-01 -9.959770053678488333e-01 -7.959518939580497235e-03
4.644302475043919354e-01 9.899006309647552238e-01 5.488858825706498246e-02
-3.242582110266769568e-01 9.645902126751668693e-01 5.279392984974679015e-03
6.484676455964660108e-03 -1.013915392879469080e+00 2.925663840292931812e-03
2.735014369386979394e-01 1.023321076298598475e+00 -1.070101373288264920e-02
6.668174467800663807e-01 -3.856769781325932733e-01 -2.023410330673974973e-03
-3.418692535036566005e-01 2.563766738441747850e-01 -7.059021625172966739e-03
-3.066842570389430311e-01 -3.608964811925526872e-01 -4.397160847002607592e-03
9.274738522553992170e-02 1.003006995851011274e+00 -1.309199057048754215e-02
-3.217743985918915528e-01 -4.023737474874110598e-01 -3.939010044955177509e-02
6.758458646969837114e-01 6.914555429906484862e-01 -1.525735841199462629e-02
-7.409049717570416471e-02 1.000479828301883867e+00 2.097088108227676551e-02
-3.152801944701246750e-01 -7.490750705971027656e-01 -2.922281994560745402e-02
3.449249595213397246e-01 -1.036078762251368524e+00 2.410676733117200765e-02
4.874407515106658761e-02 9.837676284540316507e-01 4.222620524061605068e-02
-3.438545867576784376e-01 -3.066390201222837786e-01 -2.914477594551137182e-02
5.461736505176726375e-01 1.044499306904581815e+00 4.448521484410496857e-02
2.514399632321006051e-01 9.813863751635946153e-01 -7.021202305149572536e-04
6.629060793330813217e-01 1.345219688346760145e-01 1.991769406899587813e-02
6.819908115419267558e-01 -5.976097104416011607e-01 -4.155423704514002795e-03
7.142645627098981320e-02 1.008166527221774800e+00 1.116057299035153353e-03
-8.226833209085743226e-02 -9.801204982138447264e-01 -1.962631135606495922e-03
4.866440221082250495e-01 9.792427786779458465e-01 -3.534773055434743683e-02
-3.459678902811801904e-01 -5.392490150073189215e-01 1.784188312545221047e-02
-1.870791761009258924e-01 -9.986265230185932262e-01 1.563745978784333163e-03
1.768021266715858603e-02 -1.011151714901437959e+00 -3.898625067742066911e-03
6.431028734251891255e-01 -3.358659040805748175e-01 -1.316229337997489729e-02
-3.179012128001433291e-01 1.009123463945219346e+00 -6.884343058714261117e-03
-3.853603457426468260e-01 9.504507031479428325e-02 6.253133765201272266e-03
-3.106223473034979699e-01 -9.616237459435599266e-01 -2.282313233821103154e-02
-3.178616110821096963e-01 1.378417665244315304e-01 5.383278494956268007e-02
-3.393137443995473124e-01 9.237239713650328143e-01 3.222294945045516001e-02
6.764867342460432198e-01 9.833368184708165538e-01 7.626680324415022671e-04
-3.476580464921255054e-01 -4.555571755580324345e-01 -2.911717430958368075e-02
-3.550281150162557520e-01 -5.908761975899138319e-01 -3.720870267272774479e-02
4.756206319962281714e-01 -9.922779066949261040e-01 1.283390559747000885e-02
-3.602203120705241290e-01 -1.878410942540822415e-01 -3.532383642033375126e-02
6.614218941166438714e-01 7.304951669241147583e-01 -2.809429840054698119e-02
3.592904734183290927e-01 -1.012596222237350352e+00 1.475637598748039299e-02
6.103581170307821602e-02 9.548547043646322674e-01 2.134271723212049707e-02
4.526310132081136639e-01 1.011985742300595126e+00 -1.802414650235167545e-02
-1.302276000730985539e-01 -9.716282529853482730e-01 -1.751140028988997996e-02
-3.762301342562746620e-01 -3.733800842505392570e-01 -1.233313647573056233e-02
-3.399343117292926153e-01 7.382052823033049549e-01 -1.661496796835948073e-02
-3.106952014835693276e-01 7.396642412798101196e-01 8.989449178535743532e-03
6.431403288494526027e-01 -9.653286809821407521e-01 1.712532217679919519e-02
-1.957266108194905818e-01 -9.932123986680405636e-01 -1.102381463394032368e-02
6.788115578469502420e-01 3.215349900017550056e-01 -2.170147641892961402e-02
6.484213600047965542e-01 1.001735624594860985e+00 -8.188082924739556803e-03
-3.000795504052988227e-01 -8.720271511986575907e-01 2.418308978123445696e-02
2.524194567557808688e-01 1.004148886180487477e+00 -2.740565412180633389e-02
6.822395775313229160e-01 9.131605145524325229e-01 -3.727480215726762525e-02
6.659674429428902309e-01 1.002481590003547751e+00 -2.351534565031498936e-02
6.767248268642493958e-01 6.610615338349259407e-01 9.345807171342389308e-03
-3.073905193126403312e-01 -7.267668278783646629e-01 2.179231438740001497e-02
8.919319040228050610e-02 -1.023258364356332661e+00 3.821317138747391123e-02
4.884044650419631650e-01 9.772826338367762711e-01 -2.080472777774072454e-02
-3.486119043976044773e-01 9.512588064495898221e-01 3.089312392203788418e-03
6.814390858680722252e-01 1.830087757836876272e-01 -3.281158111059823829e-03
5.942400692174919508e-01 1.018939747162005860e+00 2.712152068599843480e-03
4.452264063123617666e-02 -9.861002107847395282e-01 1.761217008296126971e-02
6.567367993529534820e-01 8.343101070447981327e-01 3.827212157091789552e-02
1.166914370392633932e-01 -1.030083695235995966e+00 2.132428583848144585e-02
6.492140331861984137e-01 -1.757026674503720798e-01 1.636801706971273071e-02
6.112589315782348542e-01 1.003215401714771415e+00 6.699831927778223230e-04
7.096223322773228537e-01 5.413024348450687917e-01 2.923306985449685563e-02
1.394467292909306877e-01 -1.006366052197258165e+00 2.037025291312753034e-02
1.266891605769609797e+00 2.964977601250176065e+00 8.151704704045095728e-02
-6.838921910851588626e-01 -5.976577193903587215e-02 8.107449098911520546e-02
-3.108103264687998024e-01 -2.703269101716127221e+00 1.279540098464655717e-02
6.969617495199909030e-01 2.683840917030231310e+00 -5.363079179648164857e-02
5.268564488350557795e-01 -2.694377208803273582e+00 -5.379415796327533666e-02
1.867413487391345051e-01 -1.588647574660108974e+00 6.773290236836984612e-02
9.873157185909335887e-01 4.848691054280633850e-01 -6.820980788354431834e-02
8.803728810358268930e-02 2.883898802116773297e+00 -6.940546010460534043e-02
1.408734615035542426e+00 1.204295252846106834e+00 -2.678127839023887458e-02
-1.022561247776805349e+00 1.500208699792118239e+00 5.560512660446212396e-02
1.849317013776166085e-01 -2.058141846073795911e+00 -4.654009634961280700e-02
-1.131258104993805524e+00 -1.850186508517407624e+00 1.905608083220794446e-03
7.905233158321132159e-01 1.397236318233898267e+00 1.853277196531603888e-02
-1.292605605982775963e+00 1.250890232972648342e+00 -1.050627502087989051e-02
-1.854268141939199310e-01 -1.957444756639311612e+00 9.167439365154581021e-02
-1.170240286390745954e+00 -2.195787020988531069e+00 8.311178079494060955e-02
2.639635972260023777e-02 -2.396634648814036428e+00 3.078722501748656915e-02
1.433563310962955306e-01 -2.437035694102024586e+00 -7.636047052057554074e-02
1.475372280178202988e+00 -2.783349795056679898e+00 7.790561654644678757e-02
1.076878264685858788e-01 -6.974519594483070684e-01 -9.436775854505706496e-02
