1.708977009587469009e-01 -9.871458981276390876e-01 2.443631671503987760e-02
4.971383918833033322e-02 -9.962985901864541693e-01 5.370922626439987753e-03
-2.823915138077134901e-01 9.337916612969299202e-01 -7.661884791686434173e-03
-1.548729449669805913e-01 1.018940271469131797e+00 -7.410617608946150001e-03
-3.096736590572378711e-01 -6.182546685531410680e-02 6.071451308305780836e-02
-2.812282937839193919e-01 -1.028917173422544851e+00 6.848851413004859896e-03
-1.965455088420894614e-01 1.047742800194770174e+00 -1.357876299978132660e-02
-3.372623684128683852e-01 -9.527507405610584623e-01 -1.344553135980181523e-02
2.522177177355449107e-01 -9.926288044912221498e-01 -2.537375357663851361e-02
4.728861996186494165e-01 -9.936974801371577515e-01 1.526514179236197234e-02
4.189750733948507389e-01 9.859756385825569902e-01 5.319931172676665466e-03
-3.048959745950235445e-01 -7.693829122562297895e-01 9.633805999420201605e-03
4.980886810165715550e-01 -9.918172770191685528e-01 1.602522374919444076e-02
1.072681834239644014e-02 -1.046482067353131207e+00 1.533990465258883336e-02
-3.191855771581784129e-01 -8.914707619248279924e-01 -2.456841041704932796e-02
6.667394884663265797e-01 5.031203479731422012e-01 3.350309838071909713e-02
6.859246022516176655e-01 7.019038300747473258e-01 1.763496013113206168e-02
6.899252736187220236e-01 -6.432894068937289322e-01 2.361313510973677516e-04
7.006617586441317158e-01 -8.070957488392414003e-01 1.528168079488508718e-02
6.771224154449404509e-01 1.128967234203342301e-02 3.050751519929323710e-02
6.895831296491133910e-01 -8.368242660653620879e-01 4.236786504755963786e-03
-7.175794691961134841e-02 -1.007619460761899344e+00 2.107302043776380224e-02
7.175816459968442640e-02 -9.865281801951638618e-01 1.786429700736999471e-02
1.119986041959581541e-01 9.962248134766632512e-01 2.980241616902325457e-03
6.674925662517474656e-01 3.380477374896836973e-01 6.602493279699065201e-03
6.827964343295452876e-01 9.393854113226248748e-01 -3.203116951577262401e-04
6.676042482189544769e-01 -5.318738430313062482e-01 1.439019513216639214e-02
5.928410429390307268e-01 -9.820960413475962048e-01 5.062502423617910863e-02
5.943367019092383741e-01 1.000909411381664338e+00 7.034814609592952850e-03
-1.993985203746168611e-01 1.046345733760843277e+00 1.741489004106842181e-02
7.077241592277384585e-01 -8.920753450119690564e-01 -4.547993359281472803e-03
-1.736951856897644697e-01 -1.003344254340920561e+00 -5.886559466940954194e-03
-6.204548769322774937e-02 9.866447885565288178e-01 5.190031038385303080e-03
-3.074612552197664717e-01 6.222910842763037520e-01 2.763289519223787946e-02
-7.803446624060715597e-02 1.013861071919946788e+00 6.627007557423939335e-03
-1.028390194958256690e-02 -9.975637192008335319e-01 1.720790513002946193e-02
6.197000464756572402e-01 4.679317827229106386e-01 1.982918437822836152e-02
-5.821851097990984880e-02 1.006708002358752907e+00 -1.655177831449953715e-02
2.687203358049185531e-01 -1.022810618492417722e+00 1.200563151938076854e-02
-2.968550726642253390e-01 -9.426325419497213476e-01 -5.155959546490056222e-02
5.200454485954898454e-01 -1.014615433691609114e+00 -9.956349490664569493e-03
6.807040156195354186e-01 -9.302266158118766004e-01 5.013865923609722719e-03
-1.946697374014718096e-01 -9.701520617218666320e-01 1.735370298171753575e-02
-3.198800749186530012e-01 -5.584958709918259184e-02 -3.423486208393526284e-03
4.209349520018411117e-01 -9.757628469006733862e-01 -4.234501288751173209e-02
-3.349481123149314898e-01 1.012440814222594243e+00 -3.121812514513930617e-02
6.218121179401426835e-01 -6.397650285346441201e-01 3.069520005523539152e-02
-3.046509510540343912e-01 1.747890750331575482e-01 -1.608841130680668113e-02
-3.441002756008038621e-01 7.783844047973227376e-01 2.540328389006442714e-02
6.743758630639468121e-01 5.186669269953922412e-02 3.045454091678500771e-02
5.240659603388374554e-01 1.016143844737525948e+00 3.565656282701399997e-03
1.772485276067948257e-01 -1.031715723517161898e+00 1.053494752810877656e-02
-8.041166589944234722e-02 -9.620085193914992283e-01 2.893980686322332810e-02
-9.732295892299763773e-02 1.014403902779880129e+00 -9.504218077829518913e-03
5.452602496199893123e-01 -1.005643838386773625e+00 1.121809473241082780e-02
6.536517895104047016e-01 -9.875116601422607721e-01 -3.279632567286776268e-02
1.634074381605025716e-01 1.027688524241199941e+00 -4.320595713718111512e-03
6.703068212473816123e-01 -2.106880961066857350e-01 -2.416860509234138379e-02
7.210739692929821754e-01 -1.043157873631773980e-01 -2.202833302258970505e-02
-2.817447531035705555e-01 9.524193242399685566e-01 -4.632452827862779642e-03
6.759633177908127566e-01 -9.735592735460617542e-01 1.592253775399245534e-03
-7.048713973645087671e-02 1.012706899066148525e+00 9.819967574705436644e-03
6.815029262551117739e-01 8.369680954598336386e-01 -1.056066687244198435e-03
-3.129451342109922374e-01 4.383072177626469723e-01 4.169225729247182793e-02
7.155270701430196389e-01 -2.788860833904480696e-01 1.547543434728067269e-02
5.738405221609544915e-01 9.732454106680752393e-01 -2.722645405402741164e-02
6.233500079540885697e-01 -1.001760034349706840e+00 -1.257759273381957050e-03
-1.394973066228389347e-01 9.944747891585521415e-01 -6.794018683066899676e-03
-2.566914142851337358e-02 -9.646508987300285165e-01 -2.322565963854436241e-02
1.708790335528838633e-01 -1.019373894323401863e+00 -3.694575913323326979e-03
5.863226292604649670e-01 -9.851615572234905249e-01 -7.937970789197694096e-03
-3.499615743460558481e-01 5.073013689542621441e-01 3.529622330611593278e-02
6.585209770730444667e-01 -5.149560941038755502e-01 -3.078537814293111699e-02
6.977015538246036375e-01 -4.672898642899173671e-01 1.424864953898593092e-02
6.761863440283437665e-01 -2.921331578896204095e-01 5.642375453448104407e-03
-2.877396075886667903e-01 6.604476821163585143e-01 3.574912458973487916e-02
6.570254142285905097e-01 2.765115868818843886e-02 4.747973638826958297e-03
6.437151245974472857e-01 -1.004283296923644819e+00 4.527138160100883935e-02
2.594123629714256696e-01 -9.495910351024088314e-01 -3.686753928456649315e-02
1.318597372471563833e-01 1.013646258463122507e+00 -3.587006022237343699e-03
-2.981472244503091118e-01 -6.755970218215868739e-01 -1.491319410479274507e-02
6.628738037375760950e-01 2.086194213268588449e-01 -2.947878781073361501e-03
6.017721031956448918e-01 9.609922799846418728e-01 -4.147908744064244743e-03
6.406530314718665853e-01 -2.492265808202923372e-01 -3.060231783832982524e-03
-3.069644574137186943e-01 1.001548065813184341e+00 1.712238490910057351e-02
7.381658129666135437e-02 -9.702595141804073453e-01 5.708557134058111463e-05
-3.278520214323811244e-01 6.033190412320604823e-01 -1.764449734142526857e-02
-6.354855480703580639e-02 -9.725634638491484907e-01 -3.113945078407543907e-02
6.607490046931575600e-01 9.822806709032164130e-02 -6.406620800594413703e-03
-3.120816627278987787e-01 -6.893887304872409194e-01 3.638955686908946097e-03
6.787465377130590394e-01 1.298720203440550114e-01 -1.587161846959755712e-03
5.230858858885741869e-01 9.840011893757720784e-01 4.720871674647884875e-02
6.977792397447549755e-01 9.073776787143017497e-01 -4.929724493099811762e-03
6.959147428753165165e-01 -3.291034682327618754e-01 5.293580412219845051e-03
-3.390165950732572653e-01 7.755905164750913627e-01 -2.640694010896904760e-03
6.492420162656622473e-01 -7.548358514193928004e-01 -3.350947781196640662e-02
-3.232306419745509807e-01 6.686151056331581799e-01 1.576081528653983446e-02
-3.349662216188298847e-01 -6.418687127918303315e-01 -2.527975979643340768e-02
6.812792924795522120e-01 3.574102859599214699e-01 3.343643546695085345e-02
2.953134717309580659e-01 -9.964922685383543755e-01 3.750362071365374687e-03
4.086730657557222646e-01 -1.017847193319729948e+00 -2.705821678444281925e-02
-1.961317078474828779e-01 9.861464872807532700e-01 -1.261806095624202345e-02
-4.935043114538757020e-02 -1.008178485818434833e+00 4.011943685854692070e-03
9.606784133750995158e-02 1.008485694691947598e+00 1.852479748751845526e-02
-3.385608207585154572e-01 9.425498189655471259e-01 -2.726193563041210029e-03
7.075097017148853640e-01 -5.709252403028203249e-01 2.741777706603542534e-03
2.056649706914123743e-01 -9.951485904321749620e-01 5.108510533741319505e-03
1.809665691506953111e-01 1.036601478283339040e+00 -3.605797382792989142e-02
1.288185945467314464e-01 -9.627582169610638951e-01 1.171441051925157031e-02
-3.276302084101260781e-01 -7.063525854421770500e-01 -1.481528353833266691e-02
6.968138975670872259e-01 8.031992680971794529e-01 -2.359609585794942080e-02
6.657897343362142450e-01 4.175921757448285421e-01 -1.847131862807976227e-03
7.115930722959974419e-01 9.541713789565787751e-01 1.935545648488920523e-02
6.763612695655223384e-01 -7.778212603424081717e-01 -2.978278907264786304e-03
2.658479457325954032e-01 -9.739021078802116982e-01 5.300896230932767086e-03
-1.402269703160330117e-01 -9.678613386161117882e-01 -5.102680289407210933e-03
-3.164817997306137998e-01 6.971660074731025336e-01 1.829107915580923185e-02
-3.098631631131950059e-01 -5.847565481332736015e-01 1.276543049900907140e-02
7.181575464771728923e-01 1.662087926000104243e-01 -8.435230778335653032e-03
6.727351008351275530e-01 -1.022067286377747797e+00 -1.393486214318257138e-03
-3.361897540000639006e-01 8.765485419214779084e-01 2.549579275716753676e-02
6.524575987027453339e-01 -9.975545636798699434e-03 4.443912547341207463e-03
4.002077020622486075e-03 1.021102159003998366e+00 3.507009443204411880e-02
6.711146107650024506e-01 5.864637952783096075e-01 -5.518092770880319263e-03
3.113703627304360566e-01 9.878518921883306936e-01 -4.671104884618617475e-02
-3.030649760772731183e-01 -7.323579798458869083e-01 3.376326034986864774e-03
6.999409002683755210e-01 -8.428611573095537990e-01 -2.049955559361956933e-02
5.588417114437230770e-01 1.017201982808112470e+00 -5.590036800561525542e-03
-2.466976476227714099e-01 -1.034946511019343873e+00 3.973728075639906127e-02
6.774471350988165996e-01 7.399286276834698972e-01 1.203219115073415890e-02
4.539117788332666104e-01 9.973283470502652959e-01 8.732261265591676966e-03
-1.818592769918536689e-01 1.023643461996708970e+00 1.165264723021455957e-02
1.199913891616858630e-01 9.871047563521478940e-01 -1.099866929172313868e-03
6.926662035516739646e-01 9.424701773397590188e-01 1.664941390132903751e-02
-2.810793653684895976e-01 9.089958457762419286e-01 -8.860474246765550829e-03
-3.164106122019488820e-01 1.576144674396739997e-01 -1.640992084013179544e-02
-3.045538433727381644e-01 6.586489356838958198e-01 8.439231097245104493e-03
-1.287376257155826154e-01 -1.003319240976449533e+00 -9.776257481906934499e-03
-3.491522160504825223e-01 8.572500258234182491e-01 2.023682923396753416e-02
-3.173178362074098313e-01 8.744581776558441044e-01 -3.143264099846589804e-02
6.839715261550053382e-01 2.987027876228978140e-01 -2.107932870023420530e-02
5.342112056308643275e-01 -9.915756940950872789e-01 4.055145951722984726e-02
-2.583206848797544794e-02 -1.011608790770416988e+00 -1.625079445315634821e-02
-3.118005642561358370e-01 8.143460478146202774e-01 8.882585441112221536e-03
5.210614228768257750e-01 -9.933298161237235080e-01 -3.232400155100841055e-02
6.433509033901700924e-01 -9.904984579167145364e-01 -2.703454114046264373e-02
6.476749363995786268e-01 -1.716430479381089724e-01 -1.524752760681061595e-02
-9.356128485992569466e-02 1.014300093698413230e+00 6.180633996758272755e-03
-3.106000622456339677e-01 -9.646442001284987189e-01 -3.703066890249242030e-03
-3.298600465109368662e-01 -2.413925458132540058e-01 -1.662549523557154893e-02
2.500267780806992857e-01 -9.653489368292561545e-01 5.191736100412315362e-03
-3.836835341142267458e-02 9.907945667111127674e-01 -7.514381902674892831e-03
-8.473706087596161174e-02 -9.938339558465589807e-01 -3.275424368210538145e-02
4.999932397514814664e-01 1.004544345911688730e+00 5.064657531000681112e-02
-3.343386846666920875e-01 -2.047199867648553939e-01 1.872802710092413489e-02
6.911703801998748675e-01 -3.466568052789493759e-01 -1.074552664569024263e-02
1.627071276425207103e-01 9.883109580665141447e-01 1.454315313595041376e-02
-3.390143146601316548e-01 -5.232443636598874681e-01 -3.172834837082310830e-03
-5.949056813671340510e-02 -1.002036715883392715e+00 -3.843354779782423526e-04
-6.381591906680907089e-02 9.871135661012337970e-01 -1.394578376212262522e-02
8.501760309863265475e-02 -9.947768332701522054e-01 4.385811743605742721e-04
2.382775424443152046e-01 -1.018975789370228258e+00 2.983809853315066637e-02
-3.120236638243011895e-01 -1.006501379861603152e+00 -2.915122319838821946e-02
6.679622716833649720e-01 9.145100132645621605e-01 -2.563925383537763586e-02
-3.328326251502140010e-01 3.676573911910207548e-01 -1.514962936800565152e-02
-3.370251635525770562e-01 -9.005896565402837783e-01 5.194940982300757550e-03
5.331789888846903969e-01 9.990571928061187101e-01 -2.529407916110724616e-03
-3.165181313127294338e-01 1.003923352080076326e+00 7.635181239084161105e-04
1.430301335768135174e-01 9.970797777635237447e-01 -6.161613484301038321e-03
2.789239781236684257e-01 -1.009731639744513965e+00 3.409899624744722624e-03
-1.698138082387366798e-01 -9.819339516283900338e-01 -2.614430702074587755e-03
3.656924732814724743e-01 1.000215121360820802e+00 2.230139126911805450e-02
-3.338659648262374269e-01 -3.100408657108141147e-03 7.229478096099091478e-03
-3.505743334244693643e-01 4.425636345337968236e-01 1.267091785082800556e-02
5.579838180432176165e-01 -9.842549004505030119e-01 -4.258947050541721929e-02
-3.141349958065663417e-01 5.255908870793899457e-01 -2.402015659039275983e-02
3.619350775780483809e-01 -9.798258274735878182e-01 5.177757387762169441e-03
6.799223232885317492e-01 -3.646584043743508752e-01 3.241837647698853336e-03
6.641369753244029672e-01 1.661512083052535393e-02 1.678786776403811938e-03
6.824575488578891180e-01 -4.190777998154143758e-01 1.831373487322814422e-02
7.354577183934191131e-01 -2.665340898829456351e-01 -1.136835335558159139e-02
-3.263485755038277314e-01 4.366675798324887170e-02 1.633387031420140134e-02
-3.074959209480241373e-01 -2.547859197685573562e-01 -3.820829550787532836e-02
-3.173394909439235523e-01 -5.610406665848620689e-01 -1.897232404088811455e-02
4.734586732798904719e-03 -1.004550011587808989e+00 -4.843694425217450611e-03
-3.561051023265788817e-01 -3.116950682393784811e-01 -1.180247175293591688e-02
2.768175014846500637e-01 -1.018443581750630766e+00 -2.761883603611443513e-02
-3.328892577512840290e-01 8.863970178820990142e-01 2.374568644375231810e-02
4.591810132593260319e-01 -1.010905299123140644e+00 1.660170824585521440e-02
-2.981809076545590687e-01 -4.562804345302140518e-01 6.887616642780681163e-03
5.638662450008671279e-01 -9.999652639676407384e-01 2.581745257058696771e-02
-2.885375045044071274e-01 -1.718466295830683166e-01 7.283599332554837810e-04
-3.162631874399363663e-01 3.042595098309722745e-01 -1.229009436421640671e-02
-9.565665583159306540e-02 1.020646749326945324e+00 2.304625524611669460e-02
-3.073027444337367298e-01 -6.756821966124887391e-01 1.305148759002049651e-02
6.946226047696852923e-01 -2.639406897014718312e-01 -2.096931114415185801e-02
-2.262956403338750033e-01 -1.004636534299234718e+00 1.321628236355015459e-02
-3.036572694250679327e-01 9.953227332529012150e-01 3.407947475573947643e-02
-8.896507025521660852e-03 1.046691341186710922e+00 8.977273667408629254e-03
-2.978425206168281991e-01 1.344969940165181843e-02 5.929797892544023605e-03
6.084817009779348584e-01 -1.847579692979509858e+00 1.772109147389018535e-02
-5.568536252212287208e-01 6.783119127354968469e-01 -6.803913309687095734e-02
1.542611637645461942e+00 1.643474199172080930e+00 -2.532590421630935562e-02
-5.858561931640395848e-01 2.676206243998406897e+00 9.856446143915487124e-02
1.539339260763663786e+00 1.244276234880354437e+00 8.682044361850480008e-02
4.455979824689120239e-01 1.001232622892147539e+00 5.386754759600884124e-02
1.644859060650072147e+00 -1.392001356984962301e+00 -6.325895602059147804e-02
-1.146771800797102392e+00 2.419807222151373338e-01 2.670748715067852719e-02
1.502221354782818485e+00 -1.685706421408148081e+00 -7.379401132691276732e-02
1.258691359679241506e+00 2.047086259269642383e+00 -5.321915996451538622e-02
5.404953832133918556e-01 9.902840401584711572e-02 -7.491301726265030270e-02
-1.271759246315826264e+00 -1.724838614936206493e+00 -9.477459882254390955e-02
-1.557931974753079540e-01 1.765756963153828352e+00 -8.075127141065950587e-02
5.067519915885807524e-01 9.847845035604891883e-01 -6.591467158372962820e-02
1.059662363531938434e+00 -3.973824798096359245e-02 -7.702144776612795951e-02
6.261635527719477956e-01 2.393629441383833267e-01 -7.341059131629246171e-02
7.950510490394979701e-01 2.716517503069834305e+00 -1.864228552542564199e-02
-9.836511231525580934e-01 -2.915374658081744119e+00 -9.178178541065043494e-02
-3.712165846328313590e-01 5.848662704604379314e-03 7.661977272362180402e-02
1.102305298907493070e+00 -2.048763208303348904e+00 7.537292123760661045e-02
