-1.212431342875558427e-01 1.037656131783244895e+00 -2.536377883641827147e-02
6.287847931968306714e-01 -9.902918131693750903e-01 1.482404392530733278e-02
6.072013653937681221e-01 -9.602012388539337140e-01 2.551633894283430667e-02
7.564630394783515843e-01 3.536757340168256714e-01 -3.074817140661386533e-02
7.322519898389708848e-01 6.287705147897808544e-01 -3.873582541160909554e-02
7.161015420715233226e-01 8.851618334503564833e-01 1.874751925042757519e-02
2.835976519863062650e-01 -1.024402589868397717e+00 -1.608437397003275454e-02
3.779313375435549571e-01 -9.768367159445561221e-01 -1.720149637253251540e-02
5.983381528669982075e-01 -9.992179718621410078e-01 1.145648034416862741e-02
-2.647105728737116914e-01 1.962481962321920292e-01 9.696383397619806263e-03
-3.143109121005474571e-03 -9.979588557133235449e-01 3.266005784240020443e-02
4.592784673847115640e-01 -1.001662193725854078e+00 1.131457172513228825e-02
-2.577976828080771332e-01 -9.342018153949807058e-01 -9.922115833357798148e-03
3.310274700267088477e-01 9.862243445560711086e-01 -2.051093827961015040e-02
-2.793126396196619621e-01 9.067508495037776006e-01 8.695785400575226781e-03
3.452728146008593457e-01 9.613451656493726682e-01 -1.208399910051570318e-02
7.233474057776433375e-01 -4.559568465788261804e-01 2.063710481404426589e-02
6.055491730044151311e-01 1.005861180582734438e+00 9.110205675476408874e-03
-2.814109138398865895e-01 -1.006373324864702434e+00 1.090582139073706727e-02
1.101718742475848722e-01 1.017347571718036470e+00 -4.206671826681013075e-03
5.663601281604123683e-01 -9.851064100678234015e-01 4.757772221857279465e-02
7.500006162971435408e-01 -1.020221152253517616e+00 2.344719701121445246e-02
-2.530126179696526867e-01 9.974256110718263679e-01 -1.068875983674827390e-02
7.455373065480451755e-01 -6.831007252201037883e-02 -1.612377326449996109e-02
-5.029493833045346057e-02 1.025744642142724983e+00 -1.474477952389997848e-02
-5.842351555547101172e-02 -1.023428096389598752e+00 2.177103251164561742e-02
3.002280259716465505e-01 9.780293932140760038e-01 -4.092074188681255748e-03
-2.815108453263507893e-01 -1.000189122293604127e+00 1.330637037688929547e-02
-2.973696961304544417e-01 4.895125957239697123e-01 3.914767550484442998e-02
-2.598745242508098685e-01 -2.967352389190929807e-01 4.220018818636301836e-03
-2.590924822590142118e-01 4.190488617968166074e-01 3.130383211970795879e-04
-2.754774058676156545e-01 7.329862165780430816e-01 -2.476040880489898191e-02
6.496624319750760046e-01 -1.007286284093485751e+00 1.907232070954008318e-02
-8.222766799618085043e-02 -9.932928565532067600e-01 -6.093570748888661997e-04
5.572859750667038536e-01 9.830447963175373838e-01 1.768349173570519378e-02
-3.795744717045609201e-02 1.008623754900840996e+00 5.352864740206665639e-03
-2.535396642852316695e-01 -7.290816678494767000e-01 1.887598472921714690e-03
7.586705426147843934e-01 -5.416238552949972362e-01 -2.578231096932514046e-04
7.759691834739377292e-01 -2.355408056277435436e-01 -2.435895479974583069e-02
-2.937757171507498488e-01 -4.415725088311218682e-01 -9.509858680818487897e-03
7.394814788652184223e-01 -6.581864663573201435e-01 4.245895414732255881e-03
-2.927247556094491610e-01 -3.149209158283102217e-01 5.567827186990582759e-03
-2.613118117055923673e-01 2.193281975579260967e-01 9.379102735879966610e-03
1.610217699584380602e-01 -9.748415283002622722e-01 1.070185897145301337e-02
6.142858553009168388e-01 1.003954630572651219e+00 -9.897584425652776116e-03
7.257363080131999933e-01 -1.690202074723465009e-01 1.797566760821115535e-03
3.051989938149445858e-01 -1.011723472277043845e+00 1.575892723584567182e-02
2.393363584924943221e-01 1.027141796132730045e+00 -2.394356550277094986e-03
7.268239403828100631e-01 6.285597082262028845e-01 1.560411463001216449e-02
-2.678232577473926290e-01 7.433797631717619092e-01 5.728664128302327595e-03
-1.158648777624695231e-01 -9.800637502571450943e-01 -9.500047471866003915e-03
-1.939930734177519045e-01 9.798687284114735441e-01 -1.669503406678320492e-02
-2.647212055705028266e-01 2.925626679537138286e-01 1.166471580533459326e-02
-3.655579895209305763e-02 1.015786812691747976e+00 2.465919780022245503e-02
7.442881646779871962e-01 -4.251471427758956589e-01 -1.652885619170017806e-02
7.249938300313798489e-01 5.399379532933347159e-01 1.600505353879013576e-02
4.611249348254292113e-01 1.028700589090567385e+00 -1.609367435744156125e-02
-2.466551651728964845e-01 2.804861950668596782e-01 -7.983984762673253938e-03
-2.536764704511848545e-01 4.492341403445117565e-01 1.035281972919750541e-02
2.453120010240896764e-01 -9.932671953022216282e-01 5.946806353764605424e-02
-2.549683137204035166e-01 6.651878378623328480e-02 -7.166053371005722157e-03
-2.555089265510733232e-01 -5.653616942554483549e-01 -3.244160776307699473e-02
7.427187649148481174e-01 -6.193097874710242756e-01 -2.901637514478768928e-02
6.830524930996753064e-01 9.942136910293851715e-01 2.171408760612471289e-02
-2.723764056087936147e-01 4.066935963075817839e-01 -2.359054548564933421e-02
2.626471859816033039e-01 9.798923489277515664e-01 -2.536045773740545212e-02
-2.519671078776621886e-01 -2.533086281584643329e-01 -2.279215403309736362e-02
1.444907935135934240e-01 1.003698126163723225e+00 6.706565367836998977e-03
-2.023919338824513026e-01 -1.028976515238279266e+00 -2.195897448603143648e-02
-1.209549894693871669e-01 9.853993768711022394e-01 -4.578220038487170601e-02
-2.895912684409638893e-01 1.584517255428951332e-01 9.247480144137745772e-03
6.302746673648981224e-01 9.967020658792727916e-01 -3.071606625275835178e-03
7.084178130562098774e-01 -9.708322755386539216e-01 8.532049872922086928e-03
-2.702710111749792588e-01 4.078136330369442342e-01 -5.625557159802752408e-03
-2.150127189577979159e-01 -9.997671359653390599e-01 1.886144032312593935e-02
-2.530326328750974185e-01 2.323228584077002001e-01 -1.999630989437510206e-02
2.143864030022075984e-01 -1.005313349608153661e+00 4.229813673016399878e-02
-2.922607563460115077e-01 9.511396640329884411e-01 -5.892745065932936642e-03
7.305397329104521553e-01 -4.033129851667308641e-01 1.761377104135864249e-02
8.158523170872962471e-02 -1.003895614059490793e+00 -3.232914542520641532e-02
1.511537328427833837e-01 9.388697639556651264e-01 -4.229871831716499123e-03
-2.477516152326821319e-01 1.807467837113807541e-01 -2.889834408458942169e-02
7.433667554526142141e-01 7.288368048916322728e-01 7.406519347726145917e-03
7.213582852489219821e-01 -9.864012600567351186e-01 6.253217567522542132e-03
-1.480491393280693180e-01 -1.001373927111725237e+00 -6.309145433752613719e-02
4.988981689003406106e-01 -1.025494394673590381e+00 5.745884835647157088e-03
7.543357561659260746e-01 5.595152719146119225e-01 5.265911060187457304e-03
7.343953339498627830e-01 -7.900664754136405010e-02 1.621555101631680373e-02
6.713113405308619441e-01 -9.938612910498761943e-01 -6.873352204633596634e-04
-2.495369651063448768e-01 2.444023322939480325e-01 5.951537876215963301e-03
1.448156536394110301e-02 9.917966897675800642e-01 -3.365575364545695530e-02
2.060864949990401651e-01 9.829840527933634275e-01 1.007523080211210039e-03
7.627063439777096443e-01 -6.939535022062813807e-01 -2.931501415705769012e-02
7.447347512304859363e-01 1.697801276791607861e-02 3.849101552205019729e-03
-6.527030793521478025e-02 -9.993154484256622228e-01 1.261460087986052137e-02
6.809159161901805479e-01 1.034339925420348694e+00 -1.918195644731134422e-02
7.782163575018685719e-01 -6.631776069081984915e-01 -3.960564359962948306e-04
7.908425390142097555e-01 -5.034946942939112491e-01 4.590559078551649519e-02
-2.524449656392269148e-01 5.447164176584077255e-01 3.856609976267783013e-02
1.529591957400432134e-01 9.852049374456197661e-01 -3.019833650601948249e-02
7.327677818188842451e-01 -8.948787602808347952e-01 -7.792241209595857261e-03
7.203412793436039241e-01 9.965214557610497792e-01 3.043904245899707768e-03
-2.707531462558659952e-01 -1.483273964069030670e-01 -7.008455266601817252e-03
-2.217789901650752127e-01 -1.007513577022421059e+00 -5.970096390709694889e-03
-5.861537991180224005e-02 1.022009518973455267e+00 -1.653929122409041746e-02
7.687269870127249050e-01 -1.568447698643636867e-01 -2.151045665367995810e-02
7.060906058148298525e-01 -5.756441741297200210e-01 -7.419131335573303336e-03
-9.608450046730439287e-02 1.018443861601573630e+00 -8.542014673277932221e-03
-2.902474066122878171e-01 -4.257302662360172851e-01 -2.253229394066161035e-03
7.569873036107357400e-01 -3.178555157717308233e-01 -1.636038488149027179e-02
2.048777877198091346e-01 -9.770899154237744355e-01 6.868273018106623232e-03
7.671901467271672326e-01 1.002566107696921005e+00 -8.327466075714065608e-03
4.578240756022974312e-01 -1.021425571064292104e+00 1.357808589882440742e-02
-1.916732714253066919e-02 1.011879775730446518e+00 -3.754846300538056819e-02
7.345284479620589613e-01 2.690214369298043473e-01 2.006819676401052147e-02
-3.015389947747516564e-01 3.783960648059053744e-01 -8.989985042373013768e-03
-2.336119608491974142e-01 -3.296562566532294791e-02 -2.474446089927238163e-02
2.645179114470020965e-01 1.017506249174598087e+00 -3.052095000619668708e-02
-2.609412914392434946e-01 3.670356827974223246e-01 1.856108706790479202e-03
5.540606357977602148e-01 -9.750769554654871163e-01 -1.052598267419961077e-02
-4.697714245925269094e-02 1.011205666803753234e+00 8.494853454547207292e-03
3.743210996372926536e-01 9.678250673610601096e-01 1.778951709409303666e-02
-5.477707496638092172e-02 1.013242502653906474e+00 2.181145056792143516e-02
1.384176259352032923e-01 -1.008299622225453440e+00 -2.744036049760412155e-02
-2.917068115262235195e-01 -5.131822869877045168e-01 1.757785200704661127e-02
7.108612320961383846e-01 3.786686857613790202e-01 8.584928463290026485e-03
-1.942454893387056958e-01 1.011534108018161238e+00 1.341848480166594852e-02
-2.632417013958485152e-01 -8.877265519573921404e-01 1.342980643564973577e-02
3.357985711307339693e-01 1.026552727930406528e+00 2.208265450859440548e-03
7.579586892992828950e-01 4.236516568101538760e-01 1.132415451802386416e-03
4.101474565094083147e-01 -1.007788104086794645e+00 8.984917487626749993e-03
-2.841138758856408542e-01 1.094762193727424615e-01 4.185984129302834297e-03
-2.420232346607885665e-01 9.852185458527510376e-01 -2.880206830383813185e-02
6.072755646964306253e-01 -9.926079518016845959e-01 4.030226752549285335e-02
7.663230533998794947e-01 -7.971577538823786391e-01 -2.265980033570159924e-02
-1.116726589238912909e-01 9.892370607089071566e-01 4.118354318624927943e-03
-2.383672604141788554e-02 -9.922633559725202446e-01 1.647329974944253955e-02
4.628729862522701910e-01 -1.024590922207260224e+00 4.957306074283606475e-04
7.109990375949013508e-01 3.250083521682869958e-01 1.703857952370389783e-02
-2.540170271523259915e-01 2.990793464895140086e-01 -3.621155339274148739e-03
-7.442577194924572537e-02 1.022120893978015310e+00 -3.496151391903831729e-02
-2.471678763045264959e-01 5.352146351817107517e-01 7.028210245375909708e-03
-2.710951646543637850e-01 9.306228183975081558e-01 3.806724483902160228e-02
7.438588071353419151e-01 -5.215839782592653906e-01 1.557888324121007619e-02
7.422584348359332340e-01 9.819298844068731213e-01 4.307119895827411261e-03
-2.023389459076691266e-01 3.620906190222559218e-01 2.326691507396454542e-02
-2.449118994929914972e-01 -1.027279885213719934e+00 1.592855157493061266e-02
-2.647469629190073448e-01 -5.669049616609762587e-01 5.940210553145391058e-03
-3.002346860061128053e-01 1.434105733857902187e-01 1.585092002929568145e-02
5.671954364444348196e-01 1.031836059792810900e+00 -1.006948690754410312e-02
-2.500187235652835960e-01 -7.124828147255444222e-01 -7.133301823799283875e-03
-5.089445834072722774e-02 -9.968184168978204696e-01 4.602922682428948337e-02
4.237924656940338375e-01 -1.000106670645364737e+00 2.552875205327595660e-03
-2.724396729184336841e-01 -5.505060296808370612e-01 -2.059587981071905882e-02
6.703462047631111309e-01 9.854686207468389414e-01 2.890882256628769797e-02
2.404565272592723291e-01 -1.022947720672695793e+00 8.915104272063281710e-03
3.195086183802001711e-01 -9.750226120575774535e-01 -8.774905785450309230e-05
7.524627636687776233e-01 -9.413121196460892959e-01 -2.567695733382129031e-02
-2.812372621085050817e-01 -6.579292078933973720e-01 -4.424326690392168387e-02
-9.443461285512293191e-02 -1.048032814080644748e+00 2.120338422168548467e-02
-2.600959583574580236e-01 5.330744531150547472e-01 -2.472437756224952696e-02
7.411330774702317159e-01 5.755810598950744650e-01 4.801876673248087549e-03
7.666893275921282669e-01 -2.444851196884884892e-01 1.747575541649378297e-02
7.509869159364456204e-01 -3.293848428634534864e-01 1.436889804569347652e-02
1.977411762293342368e-01 -9.783287374529344715e-01 8.432649028606102257e-03
-2.664398026886635740e-01 -9.570097931090382204e-01 -1.163339864293743905e-02
6.573796312739421666e-01 -9.712063924164121564e-01 -2.694766019616047850e-02
-1.085490081380729721e-01 -9.757735170338999175e-01 4.496674146247897630e-02
3.352333079556312767e-01 9.995284868782406962e-01 1.689011981265734971e-02
9.872696688354631878e-02 -1.023560591562690192e+00 1.476993167224527857e-02
-1.536605484979087222e-01 -9.930873013675266536e-01 7.415506517641961073e-03
-2.338331068794535228e-01 -8.916111629314815712e-01 1.920674908535258477e-02
-1.928879791798010224e-01 -1.004736325195538793e+00 1.164432894664893699e-02
3.697152868980205231e-01 -1.014874392904427713e+00 -8.425004615905075031e-03
-2.283240253430998123e-01 -1.358574593062029656e-01 2.119672923272207521e-02
-2.660400322103427251e-01 3.681530122122812498e-01 -8.584762918131537066e-03
2.757197402710931944e-01 -9.879057336109394738e-01 2.109106250169306279e-02
7.477239182564904274e-01 -4.539820292513214728e-01 -1.045483119890338458e-02
4.833978223403754826e-01 1.011625466620504454e+00 1.466989090910933088e-02
5.151541614240653377e-01 9.914013064096860450e-01 2.641245516863055531e-02
7.550156110541453858e-01 -5.940060208392617946e-01 6.252296642342971417e-03
2.665409376837464817e-01 1.017479243355023044e+00 7.201533929182489177e-03
6.999460986538130758e-01 6.941080101176904105e-01 -7.066996596622220246e-03
7.164549190566057435e-01 -5.385121359411377817e-01 7.910958656485283721e-03
-2.509318645022516892e-01 1.050037980517557756e-01 1.242920117557080179e-02
-2.868633816939341608e-01 5.294164857437128058e-01 -2.707516973473763147e-02
6.069366385139672859e-01 9.740465870366367129e-01 7.041687682797648749e-03
-2.700367440521464490e-01 4.449442579359755845e-01 1.111674060063525546e-03
-2.528397316447588139e-01 1.063563644783621087e-01 6.183272840921898161e-03
7.350028119074450972e-01 -1.001906933965459157e+00 9.227769649710993588e-03
1.432574441369462714e-01 -9.913170724531409350e-01 -2.752792203541454610e-02
1.537232803500192535e-01 9.982042523383134469e-01 -9.317894298196278610e-03
7.462279764997332698e-01 -5.722744218656483639e-01 6.095322152559882502e-03
7.239158110910780541e-01 8.934467794833125254e-01 2.611029427796616662e-02
-2.382030257643729665e-01 -8.982095462262907892e-01 2.746100894406606346e-02
-2.316032155047983154e-01 9.893406017000623276e-01 6.072006149985297203e-03
7.192020108369376885e-01 -8.257445012984787613e-01 4.941515764517711434e-02
3.411132268919937482e-01 -9.908188287148290696e-01 6.486302244679256236e-03
6.538636856344447468e-01 1.028732796914212377e+00 -1.483091628958268723e-02
6.983138025519870506e-01 -1.027807112788838406e+00 2.827817623597194893e-02
1.699807804494537722e+00 3.704348628250540010e-01 -4.672822120083269803e-03
3.799563400590304507e-01 -2.706761261949275799e+00 7.359971537477413839e-02
5.109232415938305127e-01 2.200856937622532428e+00 2.842002761166767533e-02
1.672448391977118698e+00 -1.264544455558892055e+00 -3.348880922170385799e-02
-5.310303367267220631e-01 -1.626605833058869299e+00 -5.575590613940309415e-02
1.465262580795627434e+00 -2.291636103126224011e+00 -7.850018703438993439e-02
1.611494425873096770e-01 -6.397517448468428292e-01 6.179916141167440813e-02
5.021797577740090279e-01 7.886244673114708448e-01 -3.255773113655574535e-03
-7.707878518040317539e-01 1.698896281889017423e+00 5.689608533274886915e-02
3.151013114955705241e-01 -3.890576420755431641e-02 7.418225093081096122e-02
2.065886983508364860e-01 -2.381664675796909769e+00 9.992951017479523301e-02
-5.143979280251688158e-01 -5.883318686099681116e-02 7.934311620303302615e-02
6.841965231598539088e-01 2.535365584455245624e+00 3.261828676199729493e-03
1.333147400502852742e+00 -9.648282134386763076e-01 -9.884179131346265690e-02
9.085641962401795890e-01 1.328887474707279637e+00 9.586088357823460693e-02
3.208531953209319276e-01 -2.801048465135131060e+00 1.595896881796379785e-02
1.078355997832985524e+00 -5.535382392589975886e-01 4.139565050246596378e-02
9.612380033517824440e-01 1.732190262835702654e+00 -4.122718898840330159e-02
-4.158303942362648886e-01 2.560232434950919789e+00 -4.875023513769294325e-02
-5.740443347691958076e-01 2.554460048001479855e+00 -8.535572661749146750e-02
