7.854369952489094198e-01 -1.022865237861095178e+00 -1.367119463962147320e-02
2.500140480861178238e-01 9.851876379068907896e-01 -2.277389601340569156e-02
8.039878003500383619e-01 -7.996681946336584579e-01 -3.183427396524682405e-03
8.221208584474729575e-01 1.823405403811429182e-01 -2.496581133150390860e-02
-1.492135738383771615e-01 -3.588386518955721249e-01 2.725411102897646112e-02
8.795611510523743126e-02 -1.018373424452749143e+00 1.244452432248768087e-02
8.188525958822280293e-01 1.403495416924804839e-02 2.433131846188775135e-02
-1.951332703575267002e-01 -3.388107059261582510e-01 -3.065553420229294012e-03
-1.921029845978333150e-01 8.211810962211744114e-01 9.816323411358756149e-03
-2.021446261484713680e-01 2.566198623204526408e-01 2.895695219592691466e-02
8.161727001109483348e-01 -3.575581844340418036e-01 -2.938862044080086788e-03
1.233525361276428950e-01 -9.952049036687387051e-01 -1.244578433848405642e-02
5.021525884550220864e-01 9.833229507038221406e-01 -6.713477482662604141e-03
7.301434263707177186e-01 -1.016949457703272053e+00 6.169938331444928606e-03
2.415551922786281780e-01 -1.012866316960006285e+00 3.473562902096040145e-03
-1.924460369644260538e-01 6.135950409552480833e-01 -4.363843747987888183e-02
-3.987619177721950237e-02 1.012207898223152158e+00 2.222808216193998543e-02
-1.749832883909416270e-01 9.649106297620037020e-01 7.365811812477799335e-03
8.293293640467661598e-01 -2.100816763349011296e-01 -3.180531245041177263e-02
-1.802094284187940598e-01 2.692369548992813999e-01 -2.225286639021740662e-02
8.237000633672656447e-01 -1.697399185499963159e-01 2.141307633483376278e-03
3.545924781235852419e-01 9.989117037885120176e-01 -2.517235933803832482e-02
-1.708632274601616652e-01 8.424961343969220584e-01 1.988069554320913684e-03
8.321374472322154991e-01 8.866786943379590946e-01 -2.404892471419875846e-02
-1.557063919222802517e-01 4.250595124973194916e-01 -3.333541131638638466e-02
-2.003015063356660685e-01 2.058802900804100333e-01 -3.569881562215714704e-02
8.132870673002339235e-01 7.138101377191212737e-01 3.745149567570491694e-02
8.042120101791854214e-01 8.360132718877678892e-02 -1.854885877970410477e-02
-2.252808717818863965e-02 1.014170116563746449e+00 1.594376791107898414e-02
5.193358388054795105e-01 1.016041887999827420e+00 -3.194516118180951159e-02
7.184325245227218826e-01 1.011645563103811485e+00 -1.820937914749813299e-02
8.070319250161831492e-01 8.042386515185530049e-01 -2.952634786712444309e-02
3.961556343041880979e-01 1.010781721588585924e+00 -1.822332938745119257e-03
-1.677571178913532524e-01 5.259441261340398466e-01 2.938921515504532012e-02
-1.944098218835118019e-01 7.404009356920666640e-01 -1.966709484769724181e-02
6.043398203962503379e-01 9.893607344573420725e-01 -1.556831456538779711e-02
6.480418428687745314e-01 -9.834546934444575728e-01 3.392914642310988164e-03
-1.946783711500121028e-01 2.669891673003931265e-01 2.012616963502502146e-02
5.685119430194405243e-01 1.007827504041479694e+00 -1.234454650954786709e-02
2.963559416589395257e-01 -1.010549526076268689e+00 -1.295867798897424629e-02
6.960905222255316938e-01 -1.000176826401981911e+00 4.442990785883836808e-04
3.506352261038609974e-01 9.618857290018791861e-01 -3.508098943362156219e-02
3.425916641172426225e-01 1.008193526964540343e+00 -1.148225141729301499e-02
-1.792622610665110527e-01 5.390917635242519212e-01 -2.320115138437027491e-02
8.163120384056606893e-01 -3.588569957137401345e-01 3.214622912761604025e-03
-1.414302647188300788e-01 1.000047991804066561e+00 -1.412800994130496840e-02
-1.928130007275253091e-02 -9.820568317940443492e-01 -1.692351103959530145e-02
-1.371274421355186957e-01 -9.900070429546045103e-01 2.725527045475534260e-02
6.411188696596420433e-01 -1.000662707711850397e+00 8.415353311263725497e-04
8.305795326993902217e-01 9.275311141385248481e-01 -7.241258942579851393e-03
1.152344926542318432e-01 -9.841399427444241788e-01 1.584855971562039792e-02
7.913868529540217800e-01 3.059474864720076667e-02 8.640688867288852382e-03
4.577988555558117900e-01 -1.011178053301691859e+00 3.911036073659838325e-02
8.413107591682442710e-01 4.204272992687040911e-01 1.208350154815443500e-02
8.446691328405770971e-01 -7.997053627473891257e-01 6.351255071111167397e-03
-1.583534407883857853e-01 -8.692987363214786933e-01 1.505611423926711242e-03
-4.617344613934845632e-02 -1.003631509963703872e+00 7.522002373685490392e-03
-1.992291288812764183e-01 -5.930740205812924382e-01 -2.361636259097402851e-02
8.503722971318595780e-01 -2.799532998717955135e-01 -4.253077762875598355e-02
-4.433380982991279307e-02 -1.016577309151517561e+00 -4.185656196350131392e-02
8.153431479080048838e-01 7.035923135936987816e-01 -1.038111829910807159e-02
6.314184835814138363e-01 9.911703317954143611e-01 2.818381558471845863e-02
6.267133453485901340e-01 1.007839825733227945e+00 8.592255443816997074e-03
-1.843623599114335154e-01 -3.163129610207313092e-01 2.926104280070040845e-04
-2.088326857927987334e-01 -1.623168730902508350e-01 -1.976644445636769470e-02
-2.283517309638808390e-01 3.549910780946169964e-01 -1.498973413019605945e-03
5.352795847280817920e-01 9.842035734449564588e-01 -9.689133237648665450e-03
-2.036226423357182513e-01 8.187994918455786530e-01 -3.666022765333230848e-02
-1.942918304898378634e-01 -3.255638041240084268e-01 -2.155830908592265907e-02
5.680965397140450568e-01 -9.882807741314976191e-01 -1.121300742449865898e-03
6.499397842951754045e-01 -1.011139890443208289e+00 1.085276582450372777e-02
3.358867757709871338e-01 9.816677435516744099e-01 -2.035110032429076829e-02
4.641812084917851244e-01 -9.853339699407622776e-01 -3.380245431134461243e-02
5.093376383782136640e-01 9.755309446832227671e-01 -3.490617670578549658e-02
-2.056434926755065506e-01 -8.269690808526958259e-02 3.174932833153783218e-02
3.672414175285594329e-01 -1.008528787315099207e+00 6.638597882141434973e-03
8.323928579391283167e-01 -2.987512928966472026e-01 3.931170288124738454e-02
7.931292222024434180e-01 3.423769345305597844e-01 1.302349773086409167e-02
8.186795226949556969e-01 4.342828840314609251e-01 -1.024013357670920145e-02
8.165162370496774624e-01 6.536085626572176732e-01 2.537835655357627285e-02
7.382053433260536701e-02 -1.020556324053859321e+00 1.149730292386636800e-02
4.158796666159498834e-01 -9.993057114801463525e-01 -4.643587658139923004e-03
6.745815326880088003e-01 9.897031073800356404e-01 -3.403944630622256218e-02
6.688902394772112681e-01 -1.004586433416296165e+00 -8.331701625666822555e-03
4.511303483842766804e-01 -1.008119500711237126e+00 1.232221046026185825e-02
1.893661078766315509e-01 9.923260733689650559e-01 4.482887022008977609e-03
8.539038745733141811e-01 -8.382873553971988967e-01 6.252269941881524566e-03
-1.971052241442098341e-01 8.703346368216119400e-01 -9.698724801734136258e-03
2.597626989580046342e-01 1.004381950853455274e+00 -4.156903724601212352e-03
-1.668012493047712208e-01 5.242176513241325608e-01 7.474177378803071627e-03
-1.497511306563487632e-01 -6.861672155647224880e-01 1.927280621198465549e-02
-2.051877298668713934e-01 -3.817723873812196578e-01 -7.124411020461268729e-03
-1.859771049131862808e-01 9.500563611840330269e-01 2.175951445707136056e-02
8.230632294103369384e-01 1.438251553075836908e-01 1.895961123518639241e-02
8.489264487071432885e-01 7.951738832752702768e-01 -8.566661420204542757e-03
8.511709744835048719e-01 9.411879874669748514e-01 6.098652865874664049e-03
8.385183364133610429e-01 -2.484884585501609400e-02 -4.452078311874377303e-02
1.827322131664089466e-01 -1.017586655911767668e+00 -2.305356473539654262e-03
3.371891896258336629e-01 1.026749760266364220e+00 3.319047935383808920e-03
8.227752387265918621e-01 -5.593108211558547316e-01 -8.332236631431448604e-03
7.160981013133780326e-01 -9.695021426860409575e-01 -1.072437450949574080e-02
8.347543128116601263e-01 7.167398827340656364e-01 3.900527067407765121e-03
-1.801960857683171102e-01 7.282476815501381928e-01 8.099359019304542759e-03
8.104501079597391522e-01 2.185387771979660221e-01 -1.951860706392830741e-02
4.224982987503893977e-02 1.024655411367365154e+00 8.435688669591615008e-03
-2.293543357678614891e-01 8.071892507988309706e-01 8.090662033353009791e-03
8.192785100364101680e-01 -1.000341974075562856e-01 -7.060187979047218010e-02
8.160010258649365023e-01 2.040068812871056736e-01 1.762955303219727399e-03
8.246854307441467968e-01 6.956647208100866786e-01 6.113256143099864495e-03
3.572783163404360529e-01 -9.945802581795097908e-01 1.055106687790721177e-02
-1.837277486034145924e-01 -8.074250276485246403e-01 -1.570582624217292320e-02
-1.126590513645475272e-01 -9.983163286984763074e-01 5.118204442197452596e-04
7.420279846812098956e-01 -1.005031114128218883e+00 -1.562924265643878333e-02
-1.952687967454928564e-01 5.632985875894291894e-01 2.301939211769758742e-02
3.989675302541382251e-01 -1.015993435706005865e+00 -7.892325568849518219e-03
-1.946230257634806726e-01 -9.965160818866767301e-01 -3.029240133459780437e-02
2.247465349380687594e-01 -9.777934740716061057e-01 1.389006857184853574e-02
-2.114169226673728308e-01 -5.448911784197444375e-01 -5.758797095989623763e-03
3.347993058739580086e-01 9.625708530169614363e-01 -1.265054441411769598e-03
6.917705875211811462e-01 -9.982743023512534730e-01 2.965391097407195017e-02
7.629822762490374721e-01 -1.004247023421988239e+00 3.371401148191622492e-04
1.365381530428206869e-01 -1.010317215107979116e+00 2.340005915365991548e-02
6.440820799478801373e-01 -9.812780037089190444e-01 2.337669840168741728e-02
6.279093912327045057e-01 1.023016109478639191e+00 -1.940022905787611857e-02
8.224664095534365282e-01 -2.056648173509973976e-01 6.816887312240842330e-03
3.260784435553767957e-01 1.000230151339357221e+00 6.952837724131726710e-03
3.097441308058854759e-01 -9.896938977717050223e-01 -1.920187446475834364e-02
7.947656969589069753e-01 -7.959235562379982643e-01 -1.976618491658805807e-02
8.156683474988881688e-01 -1.021923555821365959e+00 -4.892430506707430050e-03
3.251348002815399596e-01 1.018626301512054022e+00 1.346810114320510891e-02
6.268357751109390197e-01 9.822300150043651312e-01 2.637246547921245216e-02
-1.523868042128510014e-01 -1.007883323696002531e+00 1.443577229582112750e-02
-1.902413373195926127e-01 -1.123442422985771738e-01 3.146148167161499226e-02
-1.697926199511619882e-01 -1.263034208281763049e-01 2.143991529681098934e-02
-1.980175311985210018e-01 -4.437664573103461407e-01 -3.904865775196699612e-02
6.423562466782611891e-01 -1.006578760488616942e+00 -1.101577977021080991e-02
-1.619577499005929733e-01 -3.145348991693725504e-01 2.637964874955625594e-02
7.962185136067959634e-01 -5.490490870070727780e-01 1.886844704814226795e-02
3.771501180336305215e-01 -1.011526263007875182e+00 -2.207757825636156787e-02
3.105614235414317914e-01 9.816972593501197553e-01 -2.015795135751567019e-02
4.937185436166768859e-02 -9.944489119245664144e-01 -7.243013414176574950e-04
-1.602344950122879252e-01 -9.429856642138585432e-01 -3.322995512476328156e-02
-1.246147710017916216e-01 -9.606972252273149326e-01 -4.106354936058977285e-03
-1.650574205345592960e-01 6.049679254577239318e-01 1.621868494182145820e-02
-1.721926945861278480e-01 -1.405430785792682880e-02 -1.814390346153866088e-02
3.384458431929406874e-01 9.971816581653515366e-01 1.510833771667977835e-03
8.292335646129960214e-01 -5.784465858309797287e-02 1.704463816478454796e-02
2.838570835954674076e-01 -9.760585403106414315e-01 7.365670172051986750e-03
3.090006729597832291e-01 -1.029880769862872025e+00 -9.075201192162282368e-03
8.311332722000953632e-01 6.217542889869294154e-01 7.518635646284656943e-03
8.478367153833960002e-01 8.394057970361218368e-01 9.625300871093778535e-03
6.210865833163696781e-01 -1.002996021035067686e+00 -7.185821847604947172e-04
8.413107628009508510e-01 7.650769609816804318e-01 2.419557689378465729e-02
1.508086576801004608e-01 -1.011865723167790998e+00 1.606194644261426177e-02
5.572635581775228220e-01 9.819815023233935403e-01 1.817496831849869932e-02
3.647925527691657788e-01 9.962357314727749991e-01 9.325356951932821338e-04
1.965134926597439102e-01 1.001132230480102914e+00 -1.135686921345604831e-02
8.064700334044130337e-01 -6.144174815774849918e-01 -4.512966203061258980e-03
7.905241763270248745e-01 -7.880243354398627220e-01 -5.369834697362239548e-03
-1.693484064363708352e-01 -4.519260406250707462e-01 -1.012711709861628803e-03
8.115824003575401457e-01 2.147746010575775355e-02 -4.434123810640547628e-03
8.320240518904667981e-01 -1.014913529252998159e-01 -2.557565781129841204e-02
-1.867334904792775641e-01 4.307264263482891709e-01 -3.802750767185164582e-02
8.139213262255671211e-01 -7.190407176095985342e-01 -2.948589625707678970e-03
8.189157818162697833e-01 -5.310230914622880993e-01 -1.760073505219152123e-02
-1.907991019403154909e-01 -8.363586928290421829e-01 -1.813414904144944675e-02
5.693008585502187247e-01 -9.807169714466237309e-01 1.477611926089218881e-02
3.507076428688495895e-01 -1.001648740429122331e+00 -1.867854303779361777e-02
8.505278770776923958e-01 -8.119651368286894266e-01 7.394304264556579749e-03
8.055234658990515495e-01 9.490568686571823065e-01 3.424754191343946930e-02
8.090271716295821536e-01 9.817248065262325074e-01 1.112406118116786129e-02
3.182453527603295029e-01 -1.005011384786046014e+00 -1.456711209805727769e-02
4.761418253002724921e-01 1.034578878898127829e+00 5.984555159514752878e-03
8.418746452398448987e-01 -9.398231513661151615e-01 9.753387731028304378e-03
8.320810094210976393e-01 6.667970824383069317e-01 1.188070744224334341e-02
-1.988841625779391442e-01 7.916280291905730682e-02 3.554154749170085250e-03
-1.860579835886905786e-01 -1.906683261455460743e-01 4.704867494042367509e-02
2.724997607638968700e-01 -9.932437533583596823e-01 1.014771586412071235e-02
-1.370117590143472008e-01 -3.441952964066749554e-01 -7.587512741625510385e-03
1.297924665980446646e-01 -1.001493879416233357e+00 -1.212190159747528195e-02
2.211415807932163857e-01 9.939483343625216127e-01 1.441654683417602570e-02
8.000348560309944457e-01 8.683130267410374969e-01 2.035494186778396761e-02
-1.228080166374143495e-01 -1.014204867046731851e+00 -6.411511695406090297e-03
3.656753948640002472e-01 1.009298169989843119e+00 -1.654342296259249173e-03
3.401626435092254819e-01 -1.008007789474334670e+00 1.108759854719330515e-02
8.610468298978777302e-01 -1.984111224090533143e-01 -3.735990266176271793e-03
-1.907599881969119227e-01 -9.159655274604944220e-01 1.203666049647908118e-02
7.954093553114075510e-01 -7.949138782851126184e-01 2.625678399036912580e-02
-1.843362839982260470e-01 9.901751273297372258e-01 -1.170808448424402216e-02
7.327824219334628797e-01 -1.008666676141348750e+00 -3.176449750740061029e-02
8.150775871820131746e-01 -9.754436365120447427e-02 -1.503566192718012832e-02
8.257101059297931034e-01 7.036741119530195432e-01 3.808452009126258447e-02
3.805943986630954123e-01 -9.992651611449018256e-01 3.854790672391377251e-03
-1.785229271074648127e-01 8.780466188586548704e-01 4.614410822509298730e-03
-1.796250136867409419e-01 -7.412995020928623280e-01 -4.548980967683450422e-02
1.254960973417524640e-02 1.002080007396767281e+00 -4.510789270083242521e-03
7.001099348923814358e-02 1.014439462605308817e+00 1.428543112246155253e-02
2.201333058363794948e-01 9.579903035363271924e-01 -7.959263792109375762e-04
5.427308826418555388e-01 9.916589033212815929e-01 -2.211031180242109540e-02
5.923042933937661125e-01 -9.916522733990423832e-01 2.080293266072991490e-02
1.102668685186274145e+00 -5.230862509734208743e-01 -3.544229265265866347e-02
2.404136239391945207e-01 1.872710206992721282e+00 8.685569295490652708e-02
-8.484627653328782326e-01 -1.800151267590873516e+00 7.088195664266414009e-02
7.349945822379972959e-01 -7.136656645342851490e-01 9.102792534123924084e-02
1.723118900149521737e+00 -1.546550162627822411e+00 8.313862840420180311e-02
-6.786183374948351332e-01 -7.845812899829032183e-01 -7.971761661141119060e-02
1.436465404194037676e+00 7.438854722963905708e-01 4.899826500676621177e-03
-3.370988270737843573e-01 1.530435389920203448e+00 1.844628478704946062e-02
8.357054358510647152e-01 1.328670641942027331e+00 -3.609305770824880466e-02
9.428122336895679023e-01 -2.167083173180623934e+00 8.090252980101891866e-02
1.647529530557923172e+00 6.354331228387977148e-02 4.724153942644188087e-02
9.797531313756075999e-01 1.186627685729409798e+00 -6.139709248274632242e-02
-4.131619068668542782e-01 -1.413912154192778381e+00 -7.515208001191274467e-02
-1.078525297460293686e+00 2.911176329001428087e-01 1.811899452039200664e-02
4.987404047532555396e-01 1.401545486161723808e+00 3.608798224247616870e-03
1.498121034344373603e+00 -2.066390435913991741e+00 7.039263058379710558e-02
-9.455321004833369125e-01 -1.659586328748956507e+00 -3.802509087590087017e-02
-3.692025137137920909e-01 8.385815320042548926e-01 -5.045397488127822960e-03
-2.209418059641274912e-01 8.098640955839320199e-01 -3.267784593646631819e-02
-3.604210126729512353e-01 2.471582156720111279e-01 2.683969856503515272e-03
