5.953953136469690710e-01 1.661485210774258647e-01 -3.510715597717371447e-03
5.906829736106931072e-01 -1.101472193641107045e-01 -7.959857103508327647e-03
5.400811086278503037e-01 -1.502129760096155564e-01 -1.222250014877533132e-02
5.849568372441595887e-01 7.252229491176702680e-01 1.916684986621309747e-02
2.187081733562154517e-02 -1.016970268871201233e+00 1.686304381808257508e-02
-4.312867109676700172e-01 -1.512716332049682533e-01 1.906563341425179456e-02
5.578351582714216050e-01 -3.217829560245749065e-01 1.772628350280183382e-02
5.799741689105647469e-01 -9.204560741859595385e-01 -4.568791903892950937e-03
5.990500412485815218e-01 -8.862393198480845724e-01 1.437863229883644053e-02
1.580141806904983848e-01 -9.845144659301372503e-01 8.612874656262911599e-03
6.106636398769045293e-01 -7.116102652084236313e-01 3.857359111106261479e-02
4.599810837132194477e-03 -9.759494883416911515e-01 2.431338984539534523e-02
-3.801998192507778929e-01 -4.825256147822600816e-01 -9.030445532092569449e-03
1.562537947154856721e-01 -1.008002859234490511e+00 -2.900795752576506431e-02
-3.940343636976924024e-01 2.961370343092402102e-01 -2.252155142919133948e-02
-3.844756066775948944e-01 9.701550870152818584e-01 2.696383498033300130e-02
4.624956612439660719e-01 9.904227576596604798e-01 1.252166615551276974e-04
-1.900339277099185459e-02 1.009983441129376214e+00 3.605404586905008868e-02
6.110120659675544186e-01 9.529310599011612259e-01 3.959691530912350793e-02
6.028774118209820898e-01 -8.526194790330957618e-01 -9.772696550738108751e-03
-3.435983224527039415e-01 -1.014974283517639408e+00 5.791693878717638772e-02
-5.390716446383223698e-02 -1.030478783391391318e+00 -9.632355576696087149e-03
5.621810897155674613e-01 2.184798271199828723e-01 -1.670313210252017191e-02
-3.853848291924570901e-01 3.262948056944938169e-01 4.378717751925497587e-02
5.832430851767878011e-01 8.469476038170813403e-01 1.720555814881020648e-02
-1.733503305867469813e-01 9.824362295627766528e-01 1.845770527181369094e-02
6.206368366313237406e-01 4.699374737462487239e-01 -1.483082181276165409e-02
5.754932512006206702e-01 9.966666077452681627e-01 -5.469031205225718430e-03
-1.950457345144062382e-01 -9.999060691186811844e-01 -3.941364450894842275e-02
3.744835446882215091e-02 1.015380042795291260e+00 -1.266843855128410752e-02
6.026775827493497939e-01 -9.320449155426272503e-01 9.634690124246406140e-03
-3.373926316494273991e-01 1.046834518380318046e+00 4.908150252363409349e-02
2.500967494313985906e-01 -9.794757139304426374e-01 2.030296379302069104e-02
-3.907991459368651554e-01 -1.020082860140625325e+00 -1.797442085224567124e-02
-3.976438195305157519e-01 -7.623324398000241864e-01 5.706383161958990258e-03
4.332956270107447480e-04 -9.926027275893919422e-01 3.821603605933233255e-02
-2.373858987896221850e-01 9.919044216808536873e-01 -3.108373926845938318e-03
2.895337870006677028e-02 -1.023138046610490903e+00 6.376796654680865623e-03
-4.411215665687676646e-01 -1.068823248683345994e-01 -8.766603677440228462e-03
-4.184750911798859052e-01 1.878022441120609787e-01 -2.212267466797238763e-02
-4.029296124108907029e-01 9.854683933402796914e-01 -1.173959310163029401e-02
-4.153819938225744024e-01 -6.933081448963304139e-01 3.209977190171688782e-02
5.661809522345124801e-01 1.382384568070167685e-01 2.000486320287641825e-02
2.570286478484045123e-01 -9.927959016044891616e-01 3.394885551619525928e-03
5.557603710310948797e-01 1.216267314067752403e-01 1.755232714722973139e-02
1.277459603727723048e-01 9.739080931868430158e-01 -9.128429273389174550e-03
-4.315074343925715539e-01 -8.623696255571974278e-01 -1.912847835938348909e-02
6.329044637481157087e-01 -1.052173224776268984e-01 -1.511200844406861664e-02
-3.840725949184782273e-01 -8.097341336423403979e-02 2.153441103856115410e-02
3.486246410760428516e-01 -9.606060258894109083e-01 9.855364618338236654e-03
-4.427410919082641616e-01 -3.135776034842772675e-01 4.462670994491015064e-02
-4.289722894400173070e-01 -9.760206329749447907e-01 2.132408406609495252e-02
3.900490160524772709e-01 1.028816921067230661e+00 -2.540453963282560818e-02
-3.964512947344729366e-01 -9.287102045797399619e-01 -2.656917708706871967e-02
-3.967971488707918715e-01 5.436744210199350169e-01 -1.345260865286343650e-02
4.818997726604652976e-01 -9.830202530807025108e-01 6.852687858947357352e-03
2.926164068146062947e-02 -9.765368093358809398e-01 -4.109232462746694597e-02
4.586285344725962165e-01 -1.048985575528714520e+00 2.796735008409096529e-02
6.135195984688692761e-01 -1.474603092819616879e-01 -2.456660778601168615e-03
-4.020815613580890346e-01 -8.175660548868345368e-01 -2.994554765995974602e-02
2.934064045365845086e-01 1.011692130612452667e+00 1.666936156678496331e-02
5.718907639148884670e-01 -8.452487159936636907e-01 -2.837499973873486639e-02
-3.357866497935194650e-01 -3.430554141601356299e-01 2.502767271985675834e-02
6.121176518960040891e-01 -2.361412140851018235e-02 1.533667479014051141e-03
5.813217132340069426e-01 9.379224119537431514e-01 3.824933354896939419e-02
-3.110984561249335312e-01 -9.966898005817901307e-01 -2.547767801268913893e-03
3.215938202521705369e-01 1.034207177688864832e+00 -2.248053972963416289e-02
5.906007509996159532e-01 -4.670824675771884649e-01 1.889393156889236300e-02
-3.325933264643277099e-01 1.000688889926888203e+00 -5.992107341826156128e-04
-1.945065159945282007e-01 -1.007746420729693781e+00 -1.499179031555755021e-02
2.869484751593234240e-01 9.714989026839289110e-01 4.978766921876764950e-04
6.282619383385742440e-01 -2.755865365826545843e-01 1.073403252572942973e-02
2.521652835478748744e-01 -9.793859783897255200e-01 -6.528348842311534547e-03
-6.857694850981586529e-03 -1.018887933988703365e+00 -1.622930831679407840e-02
5.966690158669057942e-01 1.025007109160720187e-01 -3.481723426163275265e-02
5.552415623104179909e-01 9.288558525065740978e-01 8.559357581133163152e-04
5.513171156852557653e-01 4.335238500860309763e-02 1.421904857957783687e-03
5.915646389670153882e-01 -4.668416391163905388e-01 1.844814814112645876e-02
-1.931726842549055523e-01 9.998635518686423973e-01 -1.079390950311642609e-02
3.801524144586625464e-01 -9.932292604088808208e-01 4.312178133868888909e-03
-4.365664246563009110e-01 -4.103914975766088102e-01 -4.093462301329958350e-03
-4.409579560764338990e-01 8.885432267303657872e-01 -4.731920205493900244e-03
2.251879409083897277e-01 -9.878016762096646364e-01 -3.298943586108900317e-02
-4.348155368107580188e-01 -8.045331605715064782e-01 1.733952251840104042e-02
2.671434157229624073e-01 1.014163405540264851e+00 -1.863108637748056920e-02
-3.783442265715967201e-01 -1.052958831459853251e+00 2.104906096065633017e-02
3.540734286116445362e-01 -9.907412887661241063e-01 1.462614885036446835e-02
-4.531845632938028001e-01 4.312247870560219631e-01 1.342557107367228428e-02
3.003498619322716445e-01 -9.853154571504428860e-01 4.435059180526439160e-03
-4.187661621654197863e-01 -4.609615273882960440e-01 -2.216266090991198326e-02
-4.238895973387574734e-01 8.964696854265000736e-01 2.382088672400101137e-02
4.863016365002708064e-01 1.027738855040486676e+00 -2.402851127350544985e-02
5.812992619885161139e-01 -3.083935740981306739e-01 -2.817221926947415661e-02
-4.252188669349165617e-01 -4.275068432554253728e-01 -3.379929349743105403e-03
-1.790320830871874047e-01 1.026636342702206495e+00 -2.867764254494126045e-04
3.534808178546595958e-02 1.031791061717386437e+00 -2.619691681391491181e-02
3.113929810386302233e-01 1.023911951728127434e+00 2.816355767342250752e-02
4.749933364135429104e-01 9.628223845363540478e-01 5.269019652517094830e-03
-1.417400078377723527e-01 9.919831773038390033e-01 1.759725217801713301e-02
3.953513054178074415e-01 -1.007745362994780569e+00 -3.452062293338485979e-03
-1.686158534643527329e-01 1.008657125363922047e+00 -6.788169410083355441e-05
-1.947563641598955009e-01 -9.965228865189285079e-01 -1.401850511455867213e-02
5.937838313336337714e-01 7.684296077990361573e-02 -5.014836074756938433e-02
6.030991151338635503e-04 -1.009359021945643198e+00 1.228811732718398594e-02
8.413215743221957865e-02 -1.007247732255464490e+00 -3.921345962720909628e-02
5.824300811201448269e-01 -4.366194426597642120e-01 1.656914619971969899e-02
-3.330060780760912831e-01 9.780313653554795206e-01 2.036393681739995243e-03
5.537658341457194489e-01 5.489506612318189038e-01 -1.814849542004873598e-02
-3.887974871387568920e-01 9.962627523015213926e-01 -2.125391402481272701e-02
-4.315667990927523623e-01 8.934195658935801809e-01 2.950411129499276586e-02
-4.204705389622488410e-01 -5.674312496659563720e-01 1.678713708837031512e-02
-4.261570932242606524e-01 4.811308317709917515e-01 -2.678924499763895087e-02
5.970273911848573700e-01 6.635131708043905119e-02 8.929280386167626898e-03
-2.993830223210707797e-01 -9.721468914170415809e-01 2.795517039113479957e-02
5.525716146073361701e-01 -8.781696808631869189e-01 9.853510976329631077e-03
1.541878070651714894e-01 9.981365041892636958e-01 1.981299044525944731e-03
-7.284002633069826954e-04 1.001183577945961689e+00 1.269421754031504514e-02
-4.184678113899982232e-01 -7.470136137141768495e-01 2.243296077616737522e-02
2.420604961314367087e-01 -9.609495254331122949e-01 1.119992643513394517e-02
3.991210873706654838e-01 -9.941285691969022897e-01 -6.369750517462156869e-03
-2.231715626124920471e-01 9.901615143932852581e-01 6.779774424129093521e-03
-2.861538191532227993e-01 1.015279052899391132e+00 -5.413478798545917972e-03
-4.040801797260720196e-01 -2.516874478472392110e-02 1.413768326461594185e-02
6.827531765042971212e-02 -9.952249966129781411e-01 3.353986450500239750e-03
4.871476966835659450e-01 -1.006822325965476717e+00 1.358676115523013098e-03
-2.416384644906958146e-01 1.019607599866733993e+00 1.303956305648612708e-02
-2.671756011238751727e-01 1.002928251994217534e+00 1.705661029560683398e-02
-3.505668238978409401e-01 9.700790130373961873e-01 -1.097113156706496645e-02
1.163345746407645626e-01 -1.008145605813983492e+00 1.030969861836238469e-02
5.546620638960856331e-01 -6.013462754877754168e-01 3.766088068704162573e-02
4.621854484192539636e-01 9.707086600013347111e-01 -2.100866012152695361e-02
1.062288434307977758e-01 -9.856429201231150516e-01 2.082359191847022849e-03
4.708302344415953300e-01 1.000911791983763788e+00 -2.015421332847268376e-02
-4.420186475207085741e-01 6.358389914271029841e-01 -1.329966953329017945e-02
1.563653767112165860e-01 -9.903783160089023596e-01 -4.157394649605899994e-02
5.682263613131006696e-01 1.227014854873548638e-01 1.976820764373328140e-02
-4.271200202647926214e-01 -4.733131184946337555e-01 7.850371265330245707e-03
-2.858746553059897666e-01 9.589879183793910133e-01 -1.846491213616169649e-02
4.653422962287066533e-01 9.815543304415611514e-01 3.787026331284914366e-02
-2.756474683401058390e-02 -1.004258538752287544e+00 8.180919004011470447e-04
-3.897558565014768162e-01 -8.286222741923991997e-01 -2.436096389146798560e-02
5.677165959625438685e-01 4.615152266512844714e-01 -7.382937057458355788e-03
4.743412469834067113e-02 -9.904072361630918975e-01 -2.519520974400092303e-02
-4.303404178304532368e-01 8.110685260783320194e-01 -3.056630500583605234e-03
-8.702605495089725529e-02 -9.852422845134559681e-01 -2.016346757332275128e-02
-4.244759857677264381e-01 6.110783851976951953e-01 -1.026114094706624680e-02
-4.420945228120372605e-01 -8.822753901298941992e-01 -2.984813536714829487e-03
-3.682460515699730319e-01 6.466755171886957587e-01 -4.478927928179825269e-03
1.056485840269629217e-01 -9.604925868648048759e-01 1.220252894865268486e-03
-2.784161182295701864e-01 -1.023219007454501783e+00 -2.154872847377810319e-02
4.518305811508694370e-01 -9.997820794845743153e-01 -1.228434535932405695e-02
4.198807370535909689e-01 9.868514225809771334e-01 -1.378426591954024644e-02
4.238755373497011258e-01 1.009220512840843798e+00 3.066545484211589609e-02
-4.331660774040583251e-01 1.342303870799933518e-01 3.095233070845182163e-02
-4.235249617536132050e-01 -3.260505264136033809e-01 4.614298382676906840e-03
-3.970820925411008839e-01 -9.738218017821111960e-01 3.269273818754353522e-02
1.744423956858873470e-01 -9.944215753540848191e-01 8.366727312320069998e-03
-3.639382216120474189e-01 -9.728668733490529741e-01 2.885007957331610015e-03
-2.553421361396170930e-01 -1.003217956210058270e+00 -2.672326254421523994e-02
-4.205602829561393419e-01 5.189499222470923545e-01 7.177817334732586665e-03
3.841424566135311913e-01 1.017571100714701471e+00 5.939652900246571859e-04
7.194016863249279303e-02 1.011723840452932954e+00 1.489038144485806126e-02
5.878875459475761955e-01 -3.212399458202138125e-01 1.395094510899972003e-02
-1.846700533474135431e-01 -1.012755385987109902e+00 -3.633044000411442265e-02
6.178277205822556573e-01 -2.149768568670023805e-01 -4.425288920665806924e-02
-2.868710377974886261e-01 -9.669507311084526435e-01 1.023093428441529959e-03
-9.836552663677756991e-03 -9.825426436520151574e-01 2.007783710397281762e-03
-3.436318596084799171e-01 -9.857737475140566641e-01 -5.064983700146723916e-03
6.977663600069014538e-02 1.035053012816113949e+00 1.007936176848290427e-02
6.326160288690362288e-01 8.745087723048361461e-01 -1.634354392886754395e-02
5.722508433088878410e-02 9.951684039308086316e-01 3.245880187130478246e-03
5.801506313702758932e-01 -5.378697978908643096e-01 1.591636190984855453e-02
2.566585679034868450e-01 1.019061998751850551e+00 1.927766779649341816e-02
3.057559497847927021e-01 -9.877792044312573294e-01 -3.580382347268028231e-02
-4.079472247085718650e-01 -8.363153773586594619e-01 -2.238723213250531571e-02
-4.381525873531638693e-01 -6.569206390034405540e-01 -2.841312012468488052e-02
5.937898746780835291e-01 6.346972590769920375e-01 1.102750951452592491e-03
-8.068687157883069894e-02 -1.037071616826122034e+00 2.282919987869068239e-03
-4.459059179547410490e-01 -7.316222595048561539e-01 -2.225442704215597686e-02
6.263703415872557967e-01 -2.180055086216192012e-02 8.463775276170790868e-03
5.625211683470650037e-01 -1.002117012901099891e+00 3.792536359625393871e-02
5.829229404219306021e-01 -9.655179713629432614e-01 -3.748844988976768409e-03
5.674066047821142433e-01 5.104779234190466586e-02 -1.774763932232011412e-02
5.990537112088744065e-01 -8.507564244880326809e-01 1.633776176653513670e-02
1.094848877044631852e-01 -1.004267101835411014e+00 -3.363001284603444468e-02
-4.384491720744714272e-01 4.418233532023810306e-02 -2.553703705141184208e-02
-4.696392044236843977e-01 -7.582791413627276711e-01 3.764275047131171448e-03
5.919199862969087844e-01 1.553865171894791286e-01 -1.320290547662545527e-02
3.528526140694598912e-01 -1.013930453336229887e+00 -4.657018751715463062e-03
5.666750135140679046e-01 -9.123210417299394415e-01 1.162621449307574793e-02
-3.109402420937393274e-01 9.963082595480932113e-01 -3.746083920518820248e-02
6.060135110683095849e-01 1.014798118583015718e+00 1.112721865547143876e-02
-4.102279354251496812e-01 1.008421541426670620e+00 -2.849478827002974515e-02
3.455065614274992480e-01 1.007839303688748522e+00 -1.483771123128994722e-02
-4.221346193806645442e-01 2.418725145695529433e-01 3.237237961159632194e-02
-5.378899861734765669e-02 -1.001863987255765753e+00 -2.539493378343731303e-02
-4.216920296597863049e-01 2.739406503021482031e-01 1.588906928446454439e-02
3.424841471961696110e-02 9.764010711495644257e-01 -2.021714945004303432e-02
5.994679627471134475e-01 -1.013669784108841343e+00 3.496858990449318999e-02
-4.506481786387053767e-01 8.588412587299553147e-01 2.125544742150424493e-02
1.455493942452073419e+00 1.959038288919144222e+00 6.493285335115492329e-02
-1.243624197823213429e+00 -1.967188228610138978e+00 -2.144798481796739154e-02
1.283795820229103768e+00 -1.579266378446992247e+00 -5.252680039992455030e-02
1.523153976675258203e+00 1.306270537930283915e+00 2.612917812233320203e-02
-1.203157658050795220e+00 2.083162446686422697e+00 4.566054061590169022e-02
1.253332439520436381e+00 2.440811781614147691e+00 9.515171679520723069e-02
1.110998583198487655e+00 1.436167713051199613e+00 -6.668509506762998473e-02
4.235814912616335803e-01 1.946670818391509350e+00 1.094914054185944230e-02
1.137540298639860392e+00 -1.463500837980744818e+00 7.454691752683864636e-02
4.128803355940702247e-01 -2.317018704067850265e+00 6.892444811373973912e-02
1.312042638910347225e+00 -2.590296592444373047e+00 2.245429677428474602e-02
1.159895635244597933e+00 -6.543812584462447290e-01 -4.249964975685745217e-02
-5.985368852024008923e-02 1.934664134870970997e+00 -8.267003779093869131e-02
-8.007469737194690129e-01 -7.611946413527919120e-01 -8.885767674354766443e-02
6.241105525665089360e-01 -2.944413052683465537e+00 1.467892630589592851e-02
-1.614274656085747939e-01 -6.502140594730647649e-01 -6.005117707877634381e-02
1.417758858244549725e+00 -5.177477294622576665e-01 5.575572055827601736e-02
-1.404175017566717365e+00 -1.952827243675939295e+00 7.555471127116880625e-02
1.412733006202513408e-01 2.754711341856150852e+00 6.488441422450080820e-02
-2.209076983809734607e-01 -2.624299095115514735e+00 -2.095504200864954647e-02
