-1.594462765667537252e-01 2.203453723612352685e-02 1.124285647733666398e-02
-1.028831303996622648e-01 -2.723634846705555446e-01 2.863872895657762832e-02
5.471036539246543207e-01 1.038330271613915556e+00 7.669291026300665594e-03
-1.586516071985567822e-01 -3.468471546804663963e-01 -1.958560079078913371e-02
-1.775686309151183473e-01 -4.983754709581583175e-01 -1.518976742995394903e-02
-1.789470158561745072e-01 9.025278667187526249e-01 -7.419892737502196446e-03
1.095090539796757592e-02 1.011498971236839628e+00 -4.047064903877132386e-03
7.648009063379695993e-01 1.000741259801141370e+00 -1.557602694121461816e-02
8.190076624708788611e-01 1.022828641206037448e+00 2.617098753023372124e-02
8.561945480771021577e-01 -5.749646882762532440e-01 -7.419597006249211216e-03
-1.399884870049954433e-01 9.371707276927396801e-01 -2.531457346905930175e-02
8.300376289888563575e-01 6.976681521863689062e-01 2.988866844062318048e-02
-1.518295298505418778e-01 -7.437285932785327180e-02 -2.175628771412022738e-02
8.290786404752763517e-01 9.572985070242531203e-01 2.052647390504544478e-02
4.975045205817000271e-01 1.011481522089687335e+00 -1.765926661911770314e-03
4.558413727364651891e-01 9.963052051559380118e-01 1.148011961526778984e-03
5.057206719894947744e-01 9.875919808282836998e-01 -1.545895329676083563e-02
8.521898634500093550e-01 -7.126494908401420636e-03 1.701233234070763378e-02
-1.453962631928664984e-01 7.178675460537083941e-01 -2.622098551121446446e-03
3.751653659273028740e-01 -9.510404096393995088e-01 4.215471027428198403e-02
2.473903606080914142e-01 9.861168075506718811e-01 3.501534141892953533e-02
6.551452421989545361e-01 -9.869789712683043614e-01 1.637743828119684122e-02
8.380549560423542488e-01 -4.931489236840078116e-02 -4.944969699433463851e-03
8.305411241049698301e-01 3.201304675619495027e-02 1.775854832179881533e-04
8.885154499479981371e-01 9.116145930606410763e-01 -1.250021737772279498e-03
8.206660147201564337e-01 6.151814855150573580e-01 -3.140926711651451791e-03
8.573964557810150877e-01 -1.294572415303325286e-01 -9.381302893756306811e-04
7.832176728675830368e-01 -9.757447909974825695e-01 4.921308080971931176e-02
8.339149286354318180e-01 -8.995858935721897653e-01 -2.882608442618566844e-03
6.141916174678890145e-02 -1.001600121201658089e+00 -1.668454360687472021e-02
1.472221636401848111e-01 9.938288702439186384e-01 -1.807558300708117169e-02
8.779440189358058699e-01 -8.840275570061810750e-01 1.352203283964766196e-02
3.381757578341049175e-01 -1.009253674172017945e+00 -1.830983055167926653e-03
6.246401958380718433e-01 -1.003237174749639138e+00 -4.116040789367384628e-02
1.978333311590296240e-01 1.025566374391371438e+00 -1.077968926136236606e-02
2.181770894093136015e-01 -9.706557821034839106e-01 -1.641635841337986054e-02
5.019580512572159314e-01 -9.787354943570845123e-01 -9.439592979077059132e-03
7.464087305848519094e-01 -1.013453890722983752e+00 -1.358184827245751541e-02
-1.524361044912551089e-01 2.286994608821980579e-01 2.833889891590210194e-02
8.009797608917491596e-01 -6.223187329246119281e-01 1.436331630376550331e-02
-1.371112752809102164e-01 9.970525943640937694e-01 4.451249567545009778e-02
3.109570442512458177e-01 1.005241168374410021e+00 3.788101550727352579e-02
3.086098979206328141e-01 1.006278636967016471e+00 3.304537941721909233e-02
-1.893348512866103173e-01 2.969623586405248372e-01 1.034665027359258672e-02
8.292701016541260683e-01 1.384727341378138576e-01 -4.753497745199063151e-02
-7.794288538969773583e-02 1.015393536441875577e+00 -3.186688299256568851e-02
4.928398098743003164e-01 1.014741769819654804e+00 -1.859487573715863998e-02
6.072436209757957615e-01 -1.022832133645189767e+00 2.417814519977194709e-02
2.275358304588681602e-01 1.002862796728318573e+00 3.102118286446586479e-02
-1.519968990055362290e-01 -3.053611635230522175e-02 2.226459236876135103e-02
7.825944386691359167e-01 -9.718423071412710668e-01 -6.867897849461821608e-03
2.477824351225280664e-01 -1.003985555054620615e+00 -2.795159081639310081e-02
5.978126355135053860e-01 -1.017259095786196443e+00 9.247844597775349909e-03
-1.629282739614535125e-01 4.627179379784327612e-02 6.354465517344994215e-03
-1.614929979868988674e-01 3.630082152502823734e-01 1.770035974781427809e-02
8.614512068885884499e-01 -4.108278300178937470e-01 -1.872187822986132871e-02
8.443369450961504818e-02 -9.566893934423994494e-01 4.644001803872493776e-03
-1.548542949290832027e-01 6.531284582879196554e-01 -5.669031587902264788e-03
8.303529113030871933e-01 1.021906520460795775e+00 5.800460776030702537e-02
2.222351214141718156e-01 -9.881634851332536940e-01 8.176291007447721720e-03
3.460487886764131993e-01 1.024742621170856793e+00 -2.985409809740522964e-03
-5.910568065062246634e-02 9.933753718406372890e-01 3.565652471274944300e-03
3.624475085986191836e-01 9.822929467826061467e-01 1.277063377829321285e-02
6.873656505471917311e-02 -1.022985707795677435e+00 4.045620232097307811e-02
8.302199461823814852e-01 -8.942349573881694380e-02 -2.274979397767772082e-02
4.099306548331706213e-02 9.669537281301578968e-01 -7.993335255402004083e-03
-1.466213437025501443e-01 -4.637027644223647438e-01 3.211527471016215225e-03
4.955277707485205574e-01 1.022804768691874200e+00 2.295896789626654388e-02
-1.878379445113362300e-01 -9.696794922244418302e-01 -1.079419741602759752e-03
2.248072630485383194e-01 -9.951518736592467329e-01 1.191393243367196847e-02
-1.288590592479157138e-01 -1.086897463833407518e-01 -6.632657703195860184e-03
4.065433071380352703e-01 -9.945031275008143767e-01 -1.735989738005816680e-03
8.215159092830608412e-01 -9.896060811685479797e-01 2.956130529103057764e-02
3.633387590333212458e-01 9.771836543246784634e-01 2.553731892506170154e-03
-8.965899706560748195e-02 -9.814287867191561210e-01 1.783053034660918605e-03
8.884244235142620960e-01 -7.783639322153875773e-01 8.698755670012180141e-03
4.475990758557985699e-02 9.958079714024129503e-01 3.151859747228103088e-03
3.821942853258527006e-01 -9.949791100544056466e-01 -1.265852093901656712e-02
2.221835794963447075e-01 -1.007103301286163433e+00 4.483758195604289724e-03
8.108749040108127470e-01 -8.025859610992348847e-02 -2.078416279870494085e-02
6.696255279741133437e-01 1.034436729721898152e+00 3.226611301842550409e-03
5.844782384437153810e-01 -1.031399794272886972e+00 -1.616635165575961569e-02
-1.791790902084773318e-01 9.059328569185830515e-01 -1.195486037298386199e-02
8.248469800723234879e-01 -4.237089932324631866e-03 2.517256240944789128e-03
1.714946412770577133e-01 1.026149030015675256e+00 -1.236160552443247782e-02
1.296194918864460588e-01 9.580263658325083309e-01 -7.961686375138244190e-03
8.648598874561719274e-01 -5.300099085986991199e-01 -3.854476626794522270e-02
-1.522272721729176215e-01 -2.785838249638488695e-01 -1.701888247446019589e-02
3.099769156471560150e-01 -9.834669519507768243e-01 4.198743474687079797e-04
6.986811082361100711e-01 1.024766565737792234e+00 1.961166204555339285e-02
8.330850862986203254e-01 7.437247410006549986e-01 -1.848906267420942842e-02
7.494829822050520507e-01 9.779012810157432511e-01 1.009111249558220132e-02
8.185563572999136062e-01 9.283170823379141012e-01 4.524314113695668098e-03
2.781553249382392456e-01 1.014106780984810774e+00 -3.676551570010933023e-02
-1.555434556691263626e-01 2.805720847044493871e-01 7.180072801566631663e-03
-1.584084066636718136e-01 1.482657721172275234e-01 1.424938894826502725e-02
-1.648700275556094774e-01 -4.608238160968735619e-01 -2.759573913384357272e-02
8.025859374754134024e-01 -3.248804170101369237e-01 5.518185885084903736e-02
8.245199116229412484e-01 -7.933556596486291967e-01 8.961296412822995078e-03
-1.740306730618076669e-01 4.267873757227594322e-01 3.428886491480590080e-03
8.687357202752067353e-01 -2.633826967438437361e-01 -2.611390555207221409e-02
8.365926609028627725e-01 4.969473743921192788e-01 5.670040906029568534e-03
-1.271108930942043413e-01 9.993584131081550970e-01 1.178407021218271303e-02
-1.679042044835943881e-01 8.651023665681261132e-01 -2.903021539555960748e-02
4.089755637182607151e-01 1.004709643129134466e+00 -2.416725517991759678e-02
1.876330996890294978e-01 -9.892085982397041954e-01 9.352914605256642047e-03
8.452444467594515398e-01 3.067499731051740453e-01 3.753738810589146019e-02
6.821830762054589270e-01 -9.991186495998308770e-01 -6.440480040726945243e-02
-1.358141726528088733e-01 9.730540505524607475e-01 5.138692520056709068e-02
1.972341946963380444e-01 -1.009293981796962614e+00 -2.607731753712176637e-02
2.831407737586229545e-01 9.517005056431475651e-01 9.685283768015803124e-03
-1.556568206378376729e-01 4.132737156393355149e-01 2.360072256859582426e-02
7.346589696589601592e-01 -9.890227832607636493e-01 -4.320700155406169939e-03
8.086862917098542880e-01 2.898804897552689219e-01 2.888396093421059449e-02
-1.576379320459498912e-01 -7.497274338004019656e-01 1.793714331364445677e-02
4.278228401410342774e-01 9.691386253323015509e-01 4.551808274284307315e-02
8.327078674538038738e-01 -3.892671180725310598e-01 1.688254344544162094e-02
4.522262999069439626e-01 1.014248859686466275e+00 3.569442785999535350e-03
-9.685628068981122496e-02 9.865343383189579818e-01 1.532539131469430084e-02
-1.276536665764748113e-01 -8.614361059336442805e-01 -2.958729211723452879e-02
-1.323443490783414445e-01 8.337036323542962313e-01 -1.183349329148728965e-02
3.003175614811625094e-01 1.028059642167849397e+00 2.400152905586213845e-02
-1.701909460849901079e-01 2.817794076176128870e-01 1.563408162336645446e-04
-1.755357967548304698e-01 3.427838063109174827e-01 -4.659569991337461636e-02
-1.613876585770827321e-01 -9.914498512689640108e-01 -1.015879491916254693e-02
5.114171635614640499e-01 1.023803912352172940e+00 4.401141525245581311e-03
-1.573820042068368730e-01 3.087721208467810244e-02 -2.596684201685977526e-03
-4.963956261333633824e-03 1.031929879781619652e+00 1.947360939039382080e-02
8.152642090135513442e-01 5.065137175304207373e-01 -2.423710106916971904e-02
8.519454640817005764e-01 6.706049797554396452e-01 -3.780008215158094098e-03
1.467075124551477927e-01 -9.813401124905836159e-01 -2.450296921387457028e-02
8.167557316396389933e-01 1.684723441226819163e-01 -1.591702629305418587e-02
1.030160232468150389e-01 1.015728608431525348e+00 -2.547330250814615338e-02
-1.662079903620811983e-01 -9.458525472244444510e-01 -4.317994476523103441e-03
1.101523703075189126e-02 -1.001688881414972032e+00 -1.764100085187137942e-02
-1.781910761481192429e-01 -2.397574974026643255e-02 -2.942504964564401308e-03
8.134505654445530753e-01 -5.209673204489673193e-01 2.165753425349188285e-02
8.555540688468804555e-01 7.825364783256293366e-01 -7.257246744126508858e-03
8.217829085953824997e-01 8.051752855624736416e-01 2.479820446788663646e-02
7.152638148232055570e-01 9.653952183389158392e-01 6.519353540877189691e-03
8.459808295321996630e-01 -2.834534730851678841e-01 3.521574058783680152e-03
8.485030318567864382e-01 6.471594354882399536e-01 -2.090032175649240076e-04
4.983350916564840416e-01 -1.021791136008940448e+00 1.093327081677140759e-02
-1.681618298542558176e-01 -5.193394492596653533e-01 4.362239513613205139e-02
-2.968997423535433416e-02 1.004941109800166821e+00 -1.743959414952423945e-02
7.831222064780390957e-01 -1.050886269193287204e+00 -5.729993115198926852e-03
1.706705238896038535e-01 -1.009917944589770800e+00 -1.087444625563481135e-02
8.501871518924020155e-01 -8.625953977113876014e-01 -9.239246762021861847e-03
5.637372369640446523e-01 -9.947906899101032208e-01 1.704391530714673489e-02
8.236971028248607496e-01 8.934711385142718454e-01 1.848500857831347419e-02
5.030524915968547228e-01 -1.000291529300421312e+00 2.767534556178049068e-02
-1.399897752842203802e-01 -8.828174091996253692e-01 -1.673430311981469578e-03
-1.827527025396083471e-01 -1.230958888297706416e-01 7.467709774280391214e-04
4.889680082265525085e-01 1.013781862514231413e+00 2.170868122992989160e-02
-1.317301818462621732e-01 -3.969521870825066384e-02 -8.463283833870599571e-03
5.644518811614046561e-01 1.053295203902587351e+00 2.323172028142538037e-02
-4.637477033741576465e-03 -9.888248216517984135e-01 -4.083509265739537070e-03
3.407061793517939807e-01 -9.564144739879931745e-01 -6.680592406065609910e-03
6.009323230722919407e-01 -9.808862803502900185e-01 -1.550002237208538726e-02
4.627517697431454691e-01 -1.021530576560861547e+00 -1.500207117990132698e-02
8.572509195945976490e-01 7.941415307880720365e-01 2.038220653246616484e-02
8.607634645378628990e-01 2.481395128712635123e-03 -3.482202023075997490e-03
5.151131336064137534e-01 -1.022918383665368802e+00 2.130240610543625290e-02
1.941767804999937619e-01 9.940158642816911971e-01 -3.661943258327535113e-03
-1.417124633549008972e-01 9.883843535981735595e-01 -4.730827925245345567e-03
-1.205607550547800610e-01 9.884734685908035390e-01 1.514994346335968994e-02
1.089337200118775661e-01 9.930953728510545364e-01 -2.452241347820607528e-02
5.821817302530468696e-01 -1.014534119772161569e+00 1.782607376882848482e-02
-1.614226733159152549e-01 -6.759901528649531199e-01 -3.473071795288176083e-02
7.351563734611829548e-02 9.778244280418857404e-01 1.356903360432436950e-02
7.797999104381693192e-01 1.023342421751987086e+00 1.181367525668523301e-02
-1.530163685259592066e-01 6.144900959533506901e-01 1.787295488118339701e-02
2.370645610375154977e-02 -9.806849958723334870e-01 -2.299306614320638029e-02
-1.713523173433428859e-01 3.202837991713390897e-01 2.963143789424386998e-02
4.989230511730721185e-01 1.002552928689330214e+00 -2.209215223527944208e-02
-1.111407681908048450e-01 2.706396426898611818e-01 1.432292261537505655e-02
3.780279435256747034e-01 -9.663653924581248056e-01 -1.326407021356463406e-02
3.521377791219059139e-01 -9.553667235696789994e-01 -2.870799794675582897e-02
2.294405806312391216e-03 -9.642213193456620202e-01 -3.658459113359375375e-02
1.077120941970161339e-01 -1.010932991920219459e+00 -1.087001338704401618e-02
4.884302563494142824e-01 1.021267228728035326e+00 -2.921940224586348084e-02
-1.762891826388253702e-01 1.001376516012116857e+00 3.946698369855006910e-02
1.204605166852693726e-01 1.018190812061494421e+00 -6.993591325957639743e-03
8.555854244285158172e-01 -5.385313378236964432e-01 6.335045085750103284e-03
8.109691187760225128e-01 -2.496411591099087501e-02 -3.126046280818635392e-02
-1.667703207263651066e-01 6.832050774215766564e-01 -8.085210060240021965e-03
5.692943680652150507e-01 1.001420139424757494e+00 -2.326542858954054604e-03
-2.353052659157084392e-02 9.834235186550314145e-01 -1.774147564455507082e-03
8.077328785340297523e-01 -1.019663341615274721e+00 9.748679705197169434e-03
3.757784293008304966e-01 -1.009909585763634210e+00 2.462612244688668420e-02
-1.499284920255371523e-01 -5.969777578155646136e-01 -1.228946585088668399e-04
6.970067985210801065e-02 1.011582844761106825e+00 -2.906555492237728258e-02
8.429278863611668893e-01 -6.059773041878467881e-01 2.375947453286150150e-03
1.596021556751462539e-02 -9.983538412627046554e-01 -2.556602063558463533e-02
5.665114664730282884e-02 -1.015557303174387638e+00 3.381074744823501371e-02
2.541985364162173688e-01 9.827885574462046359e-01 1.683783382904040921e-02
5.134254075013744423e-01 -1.014233662463353003e+00 9.526572505632543292e-03
4.736060390840830525e-01 -9.847128851521198545e-01 -1.566489650680445364e-02
8.517402993561629110e-01 9.622377705397124892e-01 -9.042339692043960264e-03
8.397654143091031198e-01 1.375154499076656697e-02 -2.467781982844251265e-02
-6.817850480250241541e-01 -8.230269123694853306e-01 8.743921512329985712e-03
1.439383059234654150e+00 -2.447967951958544219e+00 3.235393297296204618e-02
-1.177565389112962269e-01 1.022992557299731153e+00 5.547098956053267416e-02
1.228395747542401883e+00 -6.835944184231066423e-01 -9.900576879965816701e-03
7.277035717704041229e-01 1.371608920453883051e+00 5.040519321045439094e-02
1.075891223113739636e+00 7.541906033485732408e-01 4.503469189584508037e-02
1.694573263295525267e+00 -1.418195334479987357e+00 -7.664223649129218996e-02
-9.537315053762951411e-01 4.057091517651056911e-01 3.992198264179341871e-02
1.809744779445316976e-01 -1.262714721702367315e+00 7.281633304776360949e-02
5.905664810801360964e-01 -1.592447209785676776e-01 -6.298347139410520601e-02
-2.392914441971671913e-01 -2.455315526151549133e+00 3.315412566110009784e-02
9.492719877176878374e-01 -2.397876686549419656e+00 -5.881098958788198022e-02
-4.603282830199770803e-01 -2.907918828588816229e+00 4.695077629991101231e-02
1.464499460585282575e+00 -1.888635901926082550e+00 6.398872387985060639e-02
1.030658308844546012e+00 1.455547942114967519e-01 -4.177620237774148926e-02
1.776361399479770453e+00 -1.469978279586354963e+00 -3.105593455408577064e-02
1.744034936635769695e+00 -8.830391009064015861e-01 -9.244891716867267850e-02
1.404857658252072206e-01 -1.720310970313030374e+00 2.758867932093761466e-02
-3.701019456745844316e-01 -4.475765565457177075e-01 -7.447072957263728421e-02
-3.278864535779918432e-01 2.446241536407420369e+00 -5.189258760289341965e-02
