-3.383595905621063493e-01 5.192224775462417341e-01 1.214778781317250693e-02
-2.008581207530443086e-02 -1.024705126757260221e+00 1.387079037157263987e-02
-3.710675853084116071e-01 -5.099131438709054720e-01 -9.172271114040561786e-04
6.739429244671814034e-01 -9.081185618525844383e-01 1.949766243402436053e-02
3.572507286255827835e-02 -1.020958498355910571e+00 1.160707800545412267e-03
2.910664472310378059e-01 1.013028637729639136e+00 1.563184011220133604e-02
4.159153815264847176e-01 1.014429581229099764e+00 3.447791978683331648e-02
6.909938309859038341e-01 1.437877451444510499e-02 -2.462265216526424161e-02
6.699306371913846814e-01 3.980093545566281699e-01 3.197953217428643746e-02
4.657128713809295939e-01 9.980744167096560204e-01 1.475238383159237871e-03
5.152837526922926514e-01 1.016641945973482564e+00 2.840120598839102235e-03
3.906947208464606192e-01 -1.017300778430681563e+00 2.880469929811996579e-02
3.379081906109643874e-01 1.024449271807416517e+00 4.556062550439480413e-02
1.726679050956741179e-01 -9.796052228675390383e-01 -8.879524859133914802e-03
4.794601080934057791e-01 -1.007748791683481970e+00 -2.828391418760925480e-02
2.072727597884822109e-02 9.841759955147074690e-01 5.717798751320181914e-03
-3.100149558771587155e-01 -3.561248008130792897e-01 -6.244257619145572070e-03
6.609849506219629411e-01 4.013217174967915329e-02 -3.600923186785888637e-03
6.725677831078041846e-01 9.295517070450781683e-01 -1.756877496216581458e-02
6.465537538884289503e-01 -8.096598938945306356e-01 4.767813295247542299e-02
2.576756705301742195e-02 9.987725094200458065e-01 -5.521029891269284284e-03
-3.184878884622434070e-01 5.617086596819320654e-01 2.044253031431847792e-02
-3.531369635344415170e-01 -3.584042463894079877e-01 -1.205251080661941428e-02
3.085538262970553558e-01 -9.913436867087687121e-01 -1.826215996502909486e-02
3.738075696590728025e-01 -1.005791005404227612e+00 -1.108845450125611753e-02
6.571443695347335412e-01 9.168484299717706287e-01 2.959844987535813210e-02
-2.327587062173834265e-01 9.984568366317505550e-01 -1.144606907272594475e-02
-3.291420517973061566e-01 -5.172154608592827163e-01 -1.629084288402924893e-02
-3.115408945781539263e-01 -6.684266897965382981e-01 6.958631927074933159e-04
-3.222351416590981121e-01 -2.850607707496233822e-01 2.158770183627150424e-02
6.824715515495395346e-01 4.736260413641544265e-01 -6.611938157131224195e-03
-3.674590071435063221e-01 2.426772165471343667e-01 4.255761921414933334e-03
-2.158881106019608920e-01 -9.789897480351944514e-01 -1.014958720675561248e-02
1.153154128605844014e-01 -1.000047384683829144e+00 9.422889374057269798e-03
6.968440917881695285e-01 -9.951823091058353832e-01 -7.026262280951990104e-03
3.965472555849419156e-01 -1.013327751439732083e+00 -5.459366917580246378e-03
-3.690818049840253745e-01 4.939022135325930596e-01 6.468163314585339413e-03
5.514671479434103407e-01 9.875004787335807110e-01 -2.107764383571866448e-02
-3.358984993057281820e-01 -5.403699535098559492e-01 1.060329922469051972e-02
-3.444181452968033130e-01 6.548090007367494969e-02 5.389265335879572490e-04
-1.517373263742544942e-01 9.992433018035790093e-01 1.297286639196699835e-02
4.985489647006166591e-01 -1.014412871725650644e+00 3.046026686208681833e-02
6.463690589398928266e-01 -8.419302751198521895e-01 -2.640531108161425777e-02
-3.538828019951173465e-01 2.801221589808007284e-01 -8.958519753935885802e-03
5.221679765646777271e-01 9.925982459614176578e-01 -3.743026122184924497e-03
2.947397229755522458e-02 -1.019853731966032795e+00 7.170517425100057969e-03
6.492065496014505221e-01 4.870397541998104374e-01 5.533635959764717643e-02
5.076239775741149263e-01 1.010620914623648892e+00 1.503753615468676579e-02
-3.264579257496954545e-01 9.829581951036229226e-01 -1.107766518444343318e-02
6.219645636269559574e-01 3.617982884373527330e-01 -2.757300198461856353e-02
2.440028400645411211e-01 -9.868203154161211410e-01 1.357717937090593442e-02
-3.201422094092377102e-01 -1.017910804084294130e+00 1.061199939576085854e-02
-3.507066856075970462e-01 -8.298860747687233363e-01 -2.140249759923363269e-03
-3.519319806080390967e-01 -8.430952417143010302e-02 -9.609334865619201726e-04
4.061333968014572138e-01 -9.696580553531488622e-01 -1.222910547499383950e-03
-3.734897578336556223e-01 3.648084157610360090e-01 2.563697820037062064e-02
-3.309304003439306752e-01 -7.900895131028327079e-01 -4.474343304099294427e-02
5.157183402502241165e-01 -1.043576357172218527e+00 -1.140744157137495510e-02
6.310383823452917484e-01 6.359493586943603116e-01 6.103695921880223328e-03
3.410314754645322743e-01 -9.910323435746121179e-01 3.919346015124825638e-02
5.151512587726434500e-01 1.032627588339348312e+00 -1.953214491075908055e-02
3.259956362361452475e-01 -1.027875590948079454e+00 -1.373976718706110094e-02
6.338342646498691391e-01 1.024743578522719911e+00 1.446985476155144851e-03
6.889476911193914699e-01 -1.853370604168414482e-01 -4.412609170956074446e-03
-3.081962375832385526e-01 -9.921476083111531175e-01 2.414010701207169873e-02
6.893879246642137248e-01 9.831181010772085949e-02 1.428736438142000527e-02
6.741625916957056930e-01 1.082077853518412791e-01 4.305079126815550099e-03
4.896044242172514771e-01 1.003592003686755163e+00 -4.085765917130996031e-03
3.802584288514189725e-01 -9.839365835981930264e-01 2.058795715816056585e-03
1.691919085149364010e-01 -1.017861527961253953e+00 -2.011515177616839123e-02
6.262486507854875262e-01 -9.317033496901580003e-01 -7.632189060501585890e-04
6.494658552690554254e-01 6.817957803340476408e-01 -2.195805192148333682e-02
1.696412818466383476e-01 -9.979358207947640613e-01 4.398089787181749463e-03
-1.838609447563237520e-01 -1.028502423627451590e+00 -2.704720315655850110e-02
3.250629913597434251e-01 1.001123118114976673e+00 8.691354677743186753e-04
-2.983759165849267370e-02 -9.963468071505089396e-01 -5.129362618652568567e-02
4.009307631414220641e-01 9.837313859657391690e-01 1.049776537281532293e-02
6.280221738317600666e-01 -7.209765010807687169e-01 -2.525972987506327171e-03
6.717876309306838323e-01 -7.108293337356967889e-01 3.479376891327874699e-02
3.947499162026393837e-01 9.780505373981653872e-01 -1.072254640184205693e-03
3.542670923899413765e-02 -1.037167590378433424e+00 1.141314876803792462e-02
-2.649941365925904124e-01 1.022451217520183642e+00 8.226561225540393943e-03
2.843173647131550658e-02 -1.029006748653075176e+00 -3.278421962637217881e-03
-3.758549558828217507e-01 4.327751583472764368e-02 -2.979355806799609263e-02
6.306767365111605184e-01 -4.063259131473418995e-01 -1.845157934839794164e-02
6.731883057269070214e-01 -3.838939779541184483e-01 1.667307409648422986e-02
2.455441607976628984e-02 9.678564031138332524e-01 3.854741670603014595e-03
-3.430021415313433963e-01 9.799666315506123659e-01 6.334620420765977623e-03
6.781354078910448724e-01 -6.655305650840287468e-01 9.485656388276015802e-03
6.420741122279095547e-01 -3.905897528849827105e-01 -2.044740038628556703e-02
6.092228383431714800e-01 -3.795256093304859024e-01 -2.357984607596596335e-03
6.682031361595280883e-01 6.355476591590647484e-01 1.611045634642411725e-02
6.836777918735864601e-01 3.234245387725080967e-01 -2.687571788339040459e-03
6.101908172204004721e-01 -3.929750816764567833e-01 -2.607090599646546061e-02
6.808927028279125881e-01 -8.309014969994357180e-01 -3.874193499332032747e-02
-3.223364991761800136e-01 1.035659719476802187e-01 -2.330808252090795906e-03
6.809881249360605349e-01 -1.735415083626300203e-02 -4.448698682665693134e-03
6.321744926018076915e-01 1.178664407173076883e-01 1.149642553247334255e-02
-3.275726466753883792e-01 -8.991231472099164845e-01 -1.747050439829603979e-02
6.562968493949610238e-01 -6.746621637183152220e-01 9.478308029287200662e-03
6.640038418247005136e-01 -5.037296500409189220e-02 1.031028561074333674e-02
6.536070866818606273e-01 -4.144812583172604592e-01 -1.037318450487944438e-02
6.513734251366272154e-01 1.089925016669417435e-01 -1.682179795100598521e-02
5.360947951020815783e-01 1.017515454332968083e+00 -1.709078436180793553e-02
6.297541418584680084e-01 -2.649772546795767236e-02 3.629793660230296037e-02
6.675550402062095934e-01 4.985453393285209089e-01 -1.547278628754514794e-02
-3.073379902381390694e-01 9.815813703139489865e-01 -1.101747141179575638e-02
9.279082760962618914e-02 1.005085557764255455e+00 -6.043207699677175665e-03
2.175261858505485868e-01 1.021271232462563461e+00 1.756397586435376121e-02
4.264121040955791697e-01 -1.014658968075536682e+00 5.829559170300203409e-03
2.670054868632909528e-01 -1.004150910156645482e+00 1.737138183488975626e-02
-3.235422284437485807e-01 8.511549851687844059e-01 -2.655636508354038833e-02
-3.211555138557795619e-01 -9.676489080429905298e-01 -1.711131995941069309e-02
6.441722030104219954e-01 2.797217846398100324e-02 9.740430279395459467e-03
6.853114031212098611e-01 4.952782618260377911e-01 -1.301891833760840736e-02
1.909395153806309753e-01 1.021652790638021058e+00 -3.055790249400740927e-02
5.255028613507272128e-01 1.027551126440461537e+00 -2.002388941855137716e-02
1.019098604458310367e-02 9.955936034215113750e-01 -6.402581953720622729e-04
6.594083230699565590e-01 5.699257082887343451e-01 3.855392845748875901e-03
-6.813941573798502904e-02 -1.012822818535642044e+00 6.774337744438495073e-04
1.150359492876274620e-01 9.960275494560166809e-01 -3.123004437643593645e-02
-3.566834792959150402e-01 -9.306808244797960539e-01 6.345712619885647034e-03
6.539517901167070102e-01 8.436430123685626503e-01 -3.208357940664745972e-02
-3.651391416701367798e-01 7.052094280889048550e-01 6.639398873818697436e-03
-3.292087925348243793e-01 -5.233960996959584611e-01 -1.393649967704633022e-02
6.782799653682869412e-01 -5.024203841511735158e-01 5.867913564362226865e-03
1.370583827891144191e-01 -1.000941769099497503e+00 9.189703580977681349e-03
6.402016407769813844e-01 6.790225243229598417e-01 3.524557715557504953e-03
5.336070426878624096e-01 -9.787938979308802301e-01 -2.785004803406709861e-02
-2.804923085623001189e-01 1.016887852731101161e+00 4.627323602628562529e-03
1.420854583355168343e-01 1.018329978638291777e+00 2.602684129929093426e-02
-3.138685099924626853e-01 -8.500045659009665133e-01 7.943037809131076391e-03
-3.364840287325158719e-01 -1.916297040237338045e-01 -1.609594756887684427e-02
-3.108422444766517634e-01 -1.087490610205017333e-01 -1.163647482865534481e-02
6.274010911841761962e-01 3.043308138772622337e-02 -2.713884196317883912e-02
-2.941377077461419520e-01 5.129480971777736764e-01 1.317583516143657277e-02
3.737458460885690892e-01 -9.953147623360961704e-01 4.404706262352920190e-03
6.535471295211389142e-01 -3.828228406250713256e-01 2.051577137396963166e-02
-2.559373448435505738e-01 9.694704188535834266e-01 -1.025996506828041541e-02
5.938795701806471872e-01 -1.002237773424373257e+00 1.498892174112763723e-02
5.694716120245766344e-01 1.001662954858292487e+00 7.285475410433810660e-04
1.650021730584544655e-01 -9.865052016943409718e-01 -3.409506211490818863e-03
3.382089854411265417e-01 1.006927993465492444e+00 -3.153172621359600497e-02
-4.630964649086178470e-02 -1.053735846277969346e+00 -9.879778942040205042e-03
-3.476438723324249414e-01 8.981472567053203626e-01 -2.358769152744515096e-02
6.656760442644951148e-01 3.332328324238170714e-01 2.048592219588955821e-02
-5.859567102047052306e-02 -9.953647135268589574e-01 -6.082301114354897974e-03
-2.872015372955925572e-01 -7.559286573503857243e-01 2.067310509694273574e-02
-3.257277879804003073e-01 -9.732935218268864430e-01 9.165147493945180121e-03
1.231001675141000645e-01 -9.955278546835429898e-01 1.475220762146802964e-02
-3.545520471170555132e-01 4.062700710327196707e-01 8.020795047821164181e-04
6.607651475739985125e-01 3.699095546647160893e-01 2.303895985177488448e-02
6.477198622037965148e-01 -7.218258407953859201e-01 2.615507361426785624e-02
6.406403708795251895e-01 8.822484586489141023e-01 2.434255303630618664e-02
4.218156215317364066e-01 -1.011280017097836881e+00 2.926991636975809566e-02
-2.927429119863925733e-01 -1.041964392262347383e+00 1.230905057908616811e-02
3.073971117810877507e-01 9.719200368910984045e-01 -2.138038709760349543e-02
-1.425995459945459121e-01 -9.654248457245957482e-01 6.771198610750720805e-03
-3.377380619085084135e-01 6.137729624677953216e-03 -1.364462378707542722e-02
6.393432519417399651e-02 1.033253828374042449e+00 8.018979856981217624e-03
5.918567588772652988e-01 1.003333360123824791e+00 -1.606372654945371903e-02
6.552065356692072795e-01 5.484674217823458653e-01 1.338011416711287586e-02
6.157407789291935440e-01 1.020508732583059075e+00 2.094260557339113252e-04
1.663509941348646770e-01 1.028020591402422079e+00 -2.375137502016448979e-02
6.448665032388081197e-01 3.065123657243561950e-01 -4.336076527439784722e-02
-3.458163748403604298e-01 4.128998090078081495e-01 -1.275670603593575224e-02
-9.139902846265389458e-02 1.000897312265030870e+00 1.714432840650074313e-02
4.627764324578459987e-01 -1.000925080404204692e+00 -1.525438394146734836e-02
6.125963511563614627e-01 -1.011479119212290501e+00 1.884688134137547932e-02
5.023852534783189716e-01 9.964681112334665691e-01 1.273697111319447260e-02
6.283738001609321389e-01 1.024878796595890762e+00 7.588062042932642269e-03
6.496489396644371528e-01 2.008918031195674470e-01 1.762187006432352349e-02
-3.587915056289390225e-01 -8.750386746777086833e-01 6.050827222139731898e-03
2.447117812729733000e-01 -1.034074317494730222e+00 -2.830347544419781550e-02
-2.822201145061133398e-01 -9.934881539667811401e-01 -1.069769080315767160e-02
-2.665574673867732169e-01 1.012226761667645913e+00 3.681697517857018928e-04
-3.189891175130064593e-01 -9.828402661125714701e-01 -1.027941951975715890e-02
-2.292213018777846112e-01 -9.912725308153635950e-01 9.498359452491514365e-03
-1.710349585050698895e-01 -1.029465884127519271e+00 6.015644329736874636e-03
-3.823390765598569940e-01 -8.714321828594561170e-01 1.457071335623721930e-02
6.416993749652194490e-01 2.759561053601938263e-01 2.063535577242135016e-02
-3.433792355309152056e-01 -7.238699155499285220e-01 9.683842824216555914e-03
6.148453839562519896e-01 -9.997540744692683390e-01 1.956848967650845483e-02
6.666440272163444147e-01 3.472716599118638725e-01 -4.245737894996661280e-03
6.606333025097486100e-01 9.782293323109279015e-01 -7.639354568535026459e-03
3.002988322746550920e-01 1.002551270686653728e+00 -1.809470549105456766e-02
5.470362162364219571e-01 -9.726827769072814434e-01 -2.745142266915641047e-02
7.051585800877329113e-01 -4.198612163938322817e-01 3.240088451387931889e-02
6.622202234266304499e-01 -2.180838453699174284e-02 2.462134663883154551e-02
4.497158745799276214e-01 -1.039477741122996513e+00 2.574104593327744203e-02
6.894775497284548749e-01 -1.608741942838930739e-01 -3.482858316144731015e-02
5.626191413771015615e-01 1.007183599725667067e+00 1.268196745325155493e-02
6.665166604682697393e-01 6.758923772325098334e-01 7.043850120107786501e-03
-3.153174173677517067e-01 4.864529071533653104e-01 -2.045699881764648231e-02
-3.321053807363832933e-01 -7.486672604314110746e-01 3.322678894086551066e-02
2.012277979283209617e-01 -9.894050152471923765e-01 2.012252862000502712e-02
6.149418397621247978e-01 -5.008577713363485118e-02 4.080164619683641913e-03
1.954476760558533366e-01 -9.972225031422542463e-01 -5.838093977846116507e-03
-3.016557043072221611e-01 -1.327590317311555801e-01 -1.220315522045651614e-02
6.523293552776746607e-01 -8.054236156714730255e-01 1.782870660716547040e-02
4.129296346587525424e-01 2.300955511330419867e+00 3.503850729502971939e-02
-2.788854653713985776e-01 -8.918515842778149683e-01 3.044068839373789692e-02
-7.141389012837531247e-01 -2.067607585387746916e+00 1.369072892527742336e-02
5.484241326258918470e-01 -3.354828356895600550e-02 1.640278416277091145e-03
6.594681049630921610e-01 2.794446954464851807e+00 3.017328871769470178e-02
5.636289028441798798e-01 1.764299267289824336e+00 -9.552038358597028656e-02
4.871273852895749990e-01 1.595841421129219562e+00 -8.133331007808118629e-02
-8.503200900326376432e-01 -1.586459922655334198e+00 3.752186681947858315e-02
-6.419844166174527578e-01 -2.997977783960055653e+00 5.465185695462171367e-02
3.470406469524984772e-01 1.102874673423178464e+00 9.051597474804792820e-02
1.409745016226790160e+00 -2.419079697866899359e+00 7.133410681724583480e-02
-1.205288437582596295e+00 -2.495396749591371588e+00 7.830473584960659372e-02
-1.251043272061834521e+00 -2.891350122335035522e+00 7.705945063732039246e-03
-6.161712722922407792e-02 -1.805788407235787041e+00 -6.544068524809371068e-02
-7.985968620627361680e-01 -2.550680415683313385e+00 -8.442021427116264132e-02
9.048043179136522340e-01 -1.876318225484167046e+00 -5.777274366016371676e-02
-3.624376658016629227e-01 -1.279901755940515251e+00 6.509380697771624535e-02
4.453647689882327398e-01 -2.021017736250523278e+00 6.625620495731041060e-02
-1.074782516422458478e+00 2.830520259215118628e+00 -3.569955277119271631e-03
1.047711669673622836e+00 6.767169856775483439e-01 3.603715912764185458e-02
