8.380378994241305390e-01 -4.993491383561665664e-01 -1.835705488100652233e-02
8.798886583686923446e-01 7.898010918978795036e-01 -1.181858731286511421e-02
8.410760882182378717e-01 -7.064325820665866562e-01 -2.430755929682125102e-02
7.582032017046440586e-01 9.905468131316669256e-01 4.780706242363813932e-03
8.503954938536425479e-01 9.729614664260788359e-01 1.273812738890033394e-02
-1.189113072447019470e-01 -5.256093821240559461e-01 1.080750742653358411e-03
8.589771069820926197e-01 7.072620348900515719e-01 -1.155078911003584383e-02
-1.291665561106016546e-01 -6.631648461874599665e-01 -1.850563535697907422e-02
8.709768140878929588e-01 -1.741263504026622222e-01 -3.046126283734125299e-03
8.212293890531444651e-01 -9.867329840593632717e-01 4.866664811869116786e-02
-1.552922704366321294e-01 8.848447394441111280e-01 2.241460097564669171e-02
9.012503801362949929e-01 9.045000354540184695e-01 1.212965073808752910e-02
5.301683597815720628e-02 -1.003906797407432494e+00 -2.027100548091786622e-02
-1.413814585357142939e-01 7.356486333935371991e-02 -2.333104747346449390e-02
8.600328899367395419e-01 -5.199882337761393414e-01 1.636977717963685212e-03
-1.685795300820820686e-01 -1.420433197717723139e-01 -4.403770934147629990e-02
5.765376582990552334e-01 1.027034065847944655e+00 -4.389597228048675026e-02
-1.455822808709008043e-01 -9.227709890924122860e-01 -5.321061693473557418e-03
-1.791644850810126255e-01 1.272520298840777719e-03 4.381058551304522347e-02
5.794031778396158128e-01 9.911723914763762577e-01 -1.538706096136006722e-02
8.730814815514091887e-01 -7.305992411596379243e-02 9.609554222880713203e-03
2.706234038351242877e-01 -9.820658854991798359e-01 -4.221581196163567973e-02
8.468161982409683208e-01 6.281125020063539344e-01 6.520431751003372481e-03
-1.382308927544330657e-01 -1.004073473168570985e+00 1.123518802227162043e-02
7.996098261336410662e-01 -9.975245582235439112e-01 -4.308578721460134403e-02
1.936207102700505944e-01 -9.794883549628233821e-01 6.935649231444260786e-03
-1.665567372108434363e-01 -2.911283503820161767e-01 -2.202111966692681111e-02
-5.832118852971177048e-03 9.959880067528936731e-01 -3.869757662743098653e-02
8.833680841959600238e-01 -8.979543059540419092e-01 7.305843923376362584e-03
-1.533624282607151945e-01 -4.196563803045986751e-01 6.981854539517801106e-03
-1.520418461554516043e-01 -2.076511683867723057e-01 -8.798994535736123085e-03
-1.183702097714779689e-01 6.648140889546164667e-01 3.039191520931152149e-02
-9.041570702545995153e-02 1.035664898822044266e+00 3.357800694076266274e-03
8.312752859315781784e-01 7.222220417661220360e-01 2.645498494953184981e-02
8.690073564269188422e-01 -9.792320996778515196e-01 -1.876939289738098308e-04
1.219399076468650339e-01 -9.897021955866261989e-01 1.251506540421879789e-02
-2.160723306436043711e-02 9.967822604811700238e-01 -1.586864700601655839e-02
4.032284069828976358e-01 -1.003691979340514351e+00 3.754493128262810508e-02
-1.534535341566554134e-01 6.459359967663513835e-01 -2.458323311936591593e-02
-1.273194558966598000e-01 -9.459555080972482655e-01 1.959627748811562480e-03
-4.057913466178515727e-02 1.023593971045823947e+00 6.629414463354204104e-03
-1.059180142854502377e-01 5.899040248499842765e-01 -2.053736126129157916e-02
7.901391977479490514e-01 -1.008028549773739346e+00 -2.099224848944287059e-03
-8.473949705365008134e-02 9.873473562798987802e-01 -2.428416572224528086e-02
-1.360208745398993613e-01 -2.499147617273907995e-01 -2.436444523717262722e-02
7.267736898861061334e-01 9.765127706483137660e-01 -5.480907858707476793e-03
7.659741640680358676e-01 1.019811516943711638e+00 7.732281021992449231e-03
7.349172782568099693e-01 1.001820658772109462e+00 8.002089667735976311e-03
2.313702208961566642e-01 9.790417221094891431e-01 -1.240901462557267299e-02
8.669485781740977615e-01 8.110973998605427449e-01 2.537469992486536888e-02
8.522374342015399673e-01 9.114040260516059755e-01 -2.060475502962293148e-02
-1.545041003543675129e-01 8.882326646648223134e-01 5.778861492207416906e-03
-1.672659010890564235e-01 6.756342186248279758e-01 -1.744204300138419393e-03
-1.606001982891862301e-01 -9.321974650710883603e-01 1.199282112759804397e-02
2.249117413799816279e-01 -9.808142770364856045e-01 1.076974089877429097e-02
8.408315128909585878e-01 -5.541211100761216368e-01 2.814639367726010089e-02
4.320489296827891290e-01 1.008683209367894795e+00 1.629897796071756028e-02
8.429574243192318184e-01 7.013480993470105895e-01 -2.088111702267627171e-02
8.794394814912714908e-01 6.283217556644495883e-01 -9.483766506807883231e-03
7.564617730255314143e-01 -1.002044273109272687e+00 -1.452373930094130565e-02
6.266507218221636921e-02 9.939230715986646647e-01 4.185802477558311918e-02
1.887105053284992284e-01 -1.006650679624743194e+00 -3.418952222665980981e-03
-1.628666230621400035e-01 5.444148297550557292e-01 8.564741488836763450e-03
-1.109148163245633895e-01 -4.537252475465107238e-01 -4.110016303556682238e-02
-1.371756771456580926e-01 6.449219159266116053e-02 3.379871034369168973e-03
6.178454234035147818e-01 -9.840247263512820197e-01 1.081496369163234723e-02
-1.783734931010286795e-01 -9.251386525761194912e-01 7.120904203682292335e-03
8.625614582405105590e-01 -5.967112033549620831e-01 -7.275446940174816121e-04
-4.539273041914550916e-02 -9.643540442803169022e-01 3.641873292951052204e-03
-1.593612012608716655e-01 -3.261549194667935914e-01 1.162035432994724948e-02
4.972932060844292290e-01 9.853050474797973024e-01 1.548870667640220473e-02
8.597290229470290202e-01 -8.190509338803075856e-01 -1.697762250002268075e-02
5.657678123943582493e-01 1.055917875913297888e+00 1.691916843407786225e-02
2.236031357369235861e-01 -1.004326950271823948e+00 3.958142947154655311e-02
2.845443891891628052e-01 -1.023652056019124235e+00 -8.965137548148854191e-03
-7.770458621633524743e-02 -9.682847723511863736e-01 -4.904477345084069795e-02
4.688181806397563323e-01 -1.007329991918398671e+00 -1.687796578288315976e-03
-2.588551494896002350e-02 -1.016722863242586206e+00 -2.183954077982746232e-03
8.703290544703893294e-01 -8.821813349712164243e-01 -1.349686378851223077e-02
5.163567204381155906e-02 -1.009260923972223889e+00 -1.414085670159890076e-02
7.910582075313268291e-01 9.939084890271880912e-01 3.693642455582572121e-02
-1.552298758869653239e-01 7.757736176135169304e-01 -7.859871015241666481e-03
3.752461305112972378e-01 1.026122958842069499e+00 -5.756497661687505311e-03
8.607407784355241009e-01 3.049698310738875318e-01 -1.723279317124874060e-02
8.506062414251021053e-01 3.849831354283587137e-01 1.973857419639753197e-02
8.208267369655434242e-01 1.003028872460747234e+00 9.364525411149631981e-03
8.536175457290592350e-01 9.276995249216489769e-01 1.640770576597142677e-02
8.331608494717540614e-01 7.758349693822910176e-01 2.527094559552506281e-02
6.812829332299437102e-01 1.001797177360112201e+00 -4.682000484322477920e-04
2.762914932455494132e-01 9.912278333490208704e-01 2.171220404328693190e-02
6.258635898479923965e-01 -1.043177021754636113e+00 2.469331333750636112e-02
5.078031945461970453e-01 1.001006446231899272e+00 -4.712835188616958982e-05
-1.083082131146567290e-01 -1.014951138220856919e+00 2.648200333561074801e-02
4.757218224466497891e-01 1.004080250379706829e+00 -1.527080730068345726e-03
7.177433522402133503e-01 -9.663926285502769664e-01 4.174293415302372801e-02
8.761862458684757105e-01 -9.931996898709171129e-01 -3.218789943265017422e-03
8.239463058822860120e-01 -4.472630287154777395e-01 -1.984138131421693887e-02
-8.866825885819216990e-02 8.743704808088845759e-01 -1.978081178128345344e-02
8.088740995288175029e-01 5.528825597636468636e-01 1.180268039329534883e-02
8.367672226024470694e-01 1.000425419895696111e+00 1.070973888274599425e-02
2.534229172908158412e-01 -9.741236582220441642e-01 -1.173166265520612928e-02
-1.390379456025797877e-01 5.062716919564226314e-01 -3.371553968323567820e-03
-1.460569075231394620e-01 -3.819026754968970483e-01 1.108062030414009441e-02
2.917157456819424732e-01 1.016314379081910246e+00 -6.690232546379558734e-03
8.127200129236146209e-01 9.636829958312057576e-01 1.173110277780437839e-02
-1.205676346923831993e-01 8.105385081201210706e-01 -1.264415821732255141e-02
-1.332421942321457276e-01 5.919748402824289712e-01 -5.430784809200603358e-02
8.443799705883265894e-01 -2.365594211893538024e-01 -2.360102996459659264e-02
-1.474057558023609549e-01 9.251389953619560957e-01 -2.265244229237872373e-02
5.503229949112666830e-01 -9.902840123002836226e-01 2.526678907687159720e-02
6.896792759478554968e-01 -9.943121610986990211e-01 1.670081610162924219e-03
8.943957965347170136e-01 9.129052180255993187e-01 -1.311218687810358254e-02
-1.363208481235504699e-01 -1.017737274744355380e+00 -3.053983265204563216e-02
5.011636157252455925e-01 1.037225850879789135e+00 4.510329386221340921e-03
1.914322436029505525e-01 9.986275972427919312e-01 8.592853234295436474e-03
-1.040011267816450535e-01 -8.031377611092810342e-02 -2.664208259203471995e-03
1.927671023242639725e-01 -9.930428306197317534e-01 1.946506699473246876e-03
8.725661154631524363e-01 5.997266533352820783e-01 -2.250500693454024481e-02
-1.380095965842886852e-01 8.236184936782442456e-01 -2.343936962900269524e-02
8.700010661297865600e-01 3.756556197946494136e-03 1.148340622102651115e-02
6.084577243464490692e-01 9.766365283719496970e-01 -2.562146526488321557e-02
4.177745403913159516e-01 1.043539301606009939e+00 1.478427710968702527e-02
5.009100435536545382e-01 9.830304171218343656e-01 -3.671396436436209776e-02
8.675501852883232834e-01 1.133937182992298676e-01 1.954902844047690796e-03
5.450852163401196382e-01 9.704089984305792616e-01 2.670747641155707310e-03
8.647549313303902752e-01 -1.461611878304311662e-01 3.453435640204077089e-02
-1.195453341148847992e-01 6.036469303377408613e-01 -3.095970541412100888e-02
8.854837904418363381e-01 -9.926367802634492588e-01 1.486095111087921451e-02
5.857986771136528548e-01 1.004715488505816268e+00 1.141389584523891734e-02
4.974595879439567270e-01 -1.020328927830977506e+00 8.487308540213648819e-03
5.354355712246104959e-01 9.452806771370951822e-01 5.395879679606752945e-03
-1.542315026494777974e-01 -4.817328262656259130e-01 2.922218894748670678e-02
8.545202719658280266e-01 4.986424324909192150e-03 -1.717793732289337252e-02
6.467470609504026857e-01 1.009075238679454145e+00 -1.044465965256094822e-02
4.853901387972945347e-01 9.985232377627660805e-01 -1.330899093298212182e-02
5.291158367977610855e-01 -1.018756856270941258e+00 -1.686778907599725472e-02
8.498977182414769738e-01 9.783638728304934196e-01 -1.001587437005067339e-02
6.709193047116078779e-01 1.022964320313529019e+00 -2.321234462905867602e-02
3.235508065804615363e-01 9.873010644125262969e-01 1.317055015018704081e-03
8.606274647323456373e-01 -5.638255710817570154e-01 4.866092179702130593e-02
8.627656240103344087e-01 8.025487362410842485e-01 2.270974650518283160e-03
8.774163251078616055e-01 1.286240217553413223e-01 -1.269273230642406144e-02
8.481926634682850075e-02 1.005471896568109313e+00 -1.777922052356675081e-02
-5.228828495746042082e-02 -9.857770142618711429e-01 1.274582164158880558e-02
-1.446965106453236560e-01 -5.820915179360945935e-01 1.907777194186556155e-02
3.797702625467282989e-01 -1.010352681463186908e+00 -4.781052782107861159e-03
-9.761956442616132046e-02 -7.282236916297607499e-01 -1.825764296328014329e-03
8.518736493322013326e-01 4.992572250018624813e-01 -9.405243133434217431e-03
7.899249051967597302e-01 -1.012147030139354253e+00 4.033784170855951590e-02
1.647058756138273794e-01 1.022843097769457810e+00 -1.873774312546119336e-03
-1.067743892052074317e-01 1.024403094423247840e+00 -1.928812175459986358e-02
7.028528065497099409e-01 1.003862093110083009e+00 -3.693552718793473993e-02
1.354004058171364433e-01 9.794494315574354681e-01 1.100544620117832476e-03
6.093739214306855834e-01 9.961011102504450099e-01 3.544420692056156341e-02
4.614491179799253828e-01 1.025387864064372989e+00 -5.232158669413411413e-04
-1.563266004136653897e-01 -3.625758041305241486e-01 1.490680979401194650e-02
7.598887289408334800e-01 1.007952782821323057e+00 -1.008349820110395617e-02
-1.140344009231921696e-01 -1.138780483093916884e-01 -1.285566861423857732e-02
-1.361942803417260928e-01 -5.163765920937125609e-01 -1.254217628187426388e-02
2.777537980605648271e-01 -1.020920639901753635e+00 -2.816350935385088933e-02
8.958270809067404583e-01 -2.971656810672509419e-01 -1.525636697973231865e-03
5.653044845764892967e-01 -1.007154194658785196e+00 -2.590257697555841537e-03
8.500313226201763328e-01 -4.060886509660661670e-01 1.205281677245314577e-02
-1.295565332677217907e-01 -1.020704695232767190e+00 2.141048077188060367e-02
3.707139422792283812e-01 -9.997219439021050036e-01 3.630717439671801022e-03
7.812617407798321256e-01 -1.027648902800857522e+00 6.747706223637026449e-03
3.508604184435825113e-01 1.006962436066595412e+00 -9.537040930853158544e-03
-1.070504108182477876e-01 -1.683377793761002827e-01 -9.678512606389571811e-04
6.290337379241950355e-01 -9.954673652511314419e-01 1.169074570781655775e-02
-1.565814672942693331e-01 -9.297287805386880710e-02 1.760245713998275646e-02
3.673671398366007423e-01 -9.681019639999566273e-01 4.232638570098380681e-02
8.765953137750867041e-01 -3.111744517143141819e-01 5.834258043301268105e-03
-1.643041482992234070e-01 -8.145415255729024917e-01 -6.451721061636009336e-03
4.968804936188108701e-01 9.761955429120282579e-01 -1.202775621777221748e-02
8.339617696030707794e-01 -4.785222234682592890e-01 1.419890721697509434e-02
8.918806640312654244e-01 -9.355393372684934761e-01 -2.383880551341532525e-02
8.536356638267705854e-01 -4.325578588704442340e-01 9.213600186788730925e-03
-1.635912504739572490e-02 -9.624977394813351017e-01 5.074659213837595662e-03
-1.519459707797409798e-01 -1.917202549972881753e-01 -2.922329738542709613e-03
8.083290104254866604e-01 -1.003468435163437311e+00 3.289777923847844385e-03
-1.632985352396132683e-01 -9.126695656568974968e-01 -1.953142060411721531e-02
8.436151450446398581e-01 -1.007616176201062252e+00 -1.872648184562500026e-02
-4.949141336067457500e-03 9.973272403847597278e-01 3.082063058248716431e-02
5.647176284966137771e-01 -1.043371661887049662e+00 2.017405616984761785e-02
3.276514171993426539e-01 1.009832302723062014e+00 2.600132545626439654e-02
-1.172881573342103578e-01 -2.322860220542428272e-02 2.270300510696496993e-02
-1.779904867179378236e-01 -1.771076834258389632e-01 -3.587986835316570727e-02
-1.192899705057240273e-01 -2.202821180942199364e-01 -4.684688887976050549e-03
2.528475065570678915e-01 1.015430997615555775e+00 -2.429649411128888183e-03
8.565278261440030239e-01 -9.583166360519713711e-01 -1.379785586495810810e-02
-1.196749040878619663e-01 8.813261790599852263e-01 8.061340166211471842e-03
-1.288410236250411567e-01 7.099411913940487651e-01 2.297329405614048636e-02
7.386283866952984001e-01 9.840748224461980387e-01 -3.510681178256829654e-02
4.005965434141852549e-02 1.029509591692072235e+00 -1.080473755172609539e-04
8.618465475655071040e-02 -9.907344400214673774e-01 -1.730123728108003654e-03
8.975589314511817074e-01 -6.500251787916239143e-01 -2.348307382283848499e-02
3.143712871306298395e-01 -9.845976011011460249e-01 6.877773546584795440e-04
-1.326421782000327954e-01 8.443076385740834189e-01 -7.387559316602187315e-03
8.365533548860795143e-01 -8.339978227244319031e-01 -1.438953630812605210e-02
-3.643213648997896403e-02 -1.024878239167407834e+00 -5.232196131620873644e-03
3.126171216708182321e-01 1.636762604449778280e+00 1.587934499166618330e-02
1.163876084362540642e+00 -2.333195112498609447e-01 -9.050854788955496610e-02
-5.196658830514022664e-01 -1.538200409597104024e+00 -9.680431123052445075e-02
3.869643255592736253e-01 -1.426635857117657835e+00 -8.488501425351191454e-02
1.331133431509564424e+00 2.943216983994912717e+00 -7.810362735384630828e-02
1.253075704685815417e-01 -1.037815253429516416e+00 -2.678287763239553532e-02
1.128734406820135039e+00 -2.928164508278172207e+00 3.505448361251731204e-02
-7.309911383556958464e-01 2.667252906918091249e+00 9.934396367805306549e-02
1.818554488768815869e+00 -1.609381728984154325e+00 -8.312302066809529322e-02
-2.273552191494093710e-01 2.430755839803543594e+00 -7.619349526788594951e-02
1.133655284578943601e+00 2.840900532321879446e-01 -1.381087592450455648e-02
1.480003453462814811e+00 2.654211022860428315e+00 8.278573239288528063e-02
1.742061475191132303e-01 -2.234873886192839443e+00 1.550340643129562157e-02
1.026839223803027945e+00 2.628517301647887550e+00 -8.070738404878906314e-02
-5.408963650046251237e-01 -1.312530523679660499e+00 -5.930852885689286147e-03
-1.099603961166388366e+00 -1.574688231804710181e+00 1.735276707143304509e-02
-7.725064551665905555e-01 9.264740324424858287e-01 -6.667648809167922574e-02
1.603817230134926941e+00 -2.121416583731485339e+00 9.359401638044945182e-02
-4.964351826631172582e-01 -1.600278387479667552e+00 -8.271727360299369058e-02
9.567718590386680155e-01 -2.819149110968188765e+00 9.876589387879719517e-03
