5.045898994444446561e-01 -3.501030155555580059e-01 -2.750010490295254264e-03
-4.537252675684054215e-01 -1.009696200132645716e+00 -1.589887091643161013e-02
4.944242308028886090e-01 8.724997879667008294e-02 6.338562488344801939e-03
2.644295399012545067e-01 1.023883610849227299e+00 3.930603483247035318e-02
-5.137342762456785783e-01 -2.056878159928407154e-02 -1.860779135289186009e-02
-2.626454761945010152e-01 -9.693131643196695180e-01 9.864780704430857472e-03
5.491677459202590761e-01 -7.640586149917235614e-01 1.801612725179753058e-02
-4.923215915757288563e-01 1.022993723533387023e+00 -4.538382494154036793e-03
4.973124198654861883e-01 -7.051989468421797636e-01 -4.254283043812027987e-02
5.133138524827456362e-01 -1.938855855254322802e-01 2.644594781761553867e-02
-3.526023466601354572e-01 9.981345309099494134e-01 -4.951803178568394553e-02
-7.579521692967511326e-02 -9.669298905124802390e-01 -2.043120742237583207e-02
1.525439610413123481e-01 9.864087141307777973e-01 2.159920963316883102e-02
1.916497889441552693e-01 -9.983386842519016424e-01 -2.532044875376155205e-02
-2.119479681396871651e-01 -1.026083950392048028e+00 -3.654984440705551490e-03
-4.553977034163599336e-01 -3.460693318799630269e-01 -1.789182714799589236e-02
-4.940375673725077021e-01 9.218213844871883111e-01 -4.847543838548423571e-03
-3.138525751450041978e-01 -9.590619418424916054e-01 -2.423604812800269834e-02
-4.924222095196805760e-01 -6.872084411441096163e-01 -3.791802310667658849e-04
-4.900940280551031036e-01 6.820167652384070411e-01 -1.698275629652704066e-02
9.799961023506854885e-02 9.764872928061175683e-01 2.279468105478460113e-02
3.232539370229028236e-02 1.006357634933056966e+00 -1.195069057792271308e-02
-2.546917332571059789e-01 -9.739639066225516117e-01 -1.281510055923674139e-03
-4.578829697122064890e-01 6.814286853226164675e-01 -4.571306605803607606e-03
4.952409189964324110e-01 4.203752443920503734e-01 1.599129366837417562e-02
5.449177588590674581e-01 1.824448990421359829e-01 -1.702965597128323211e-02
4.266220431937899071e-02 1.019579188304010398e+00 3.269573318680049634e-02
2.368219530114341609e-01 -1.002296121242942872e+00 2.263461734738670891e-02
-4.888243973898002692e-01 5.613732969462662536e-01 -8.868836481292876814e-03
4.932150856641047687e-01 -9.602224790073299321e-01 -1.260400840165078543e-02
5.021281032481769158e-01 -7.808320816070396519e-01 2.978509308629306417e-03
-1.404127815520533618e-01 -1.007577461262019414e+00 -2.504643146112376165e-02
-5.278141014215019799e-01 -6.200159593375834666e-01 7.504455576264226595e-03
4.830891624595394229e-01 6.734962334337816214e-01 1.467232938176311723e-02
4.606535780779447697e-01 -9.741486305077045049e-01 5.424900796401994560e-03
5.264499170729156630e-01 -6.364775210327299204e-01 1.602559634573972117e-02
-4.598528597709671817e-01 -6.190227705062039121e-01 -1.062435956169637680e-02
-4.937894740595601406e-01 -6.578216325819177257e-01 9.498104153707307568e-03
-5.080502239950345222e-01 -1.867410806834590986e-01 -2.393865365551068464e-02
-5.043981463079898475e-01 1.961468351620648531e-01 3.023140208105897300e-02
6.579441729649931903e-02 -1.034992318678338741e+00 1.340424266190140545e-02
3.248014557685888759e-01 -9.925507791248132650e-01 -2.438884329179233021e-02
-4.701689523271396776e-01 1.855300620396371225e-01 1.540327874611436589e-02
-2.731806925220894300e-01 9.724706215063507742e-01 -4.816647171218354020e-03
-4.979337776517946956e-01 -5.800627903380352057e-01 -2.320178684248393533e-02
-4.126758903259062361e-01 9.918821466046165991e-01 4.959750952267695003e-03
-5.063917857510206177e-01 -9.542214744139114746e-01 4.299609418542391418e-04
-5.369920137333432653e-01 3.645810696466829093e-01 -3.548818792659644869e-04
5.008200135976476064e-01 6.065609901116278957e-01 4.609400167449090660e-03
-4.903124748785495091e-01 -1.925663548991915497e-01 2.221187712312293686e-02
4.683829861512969206e-01 -1.034502209402115458e+00 2.657998712268935457e-02
5.272476291066542364e-01 9.135957016427793675e-01 1.112511175381921541e-02
-4.698594159762326528e-01 -3.796556005690409491e-02 -6.948330475623530969e-03
5.062605268283338900e-01 9.934146749489969341e-01 -3.754649643763461470e-03
3.697163719978545648e-01 9.764924800796437321e-01 1.958573351103202846e-03
4.991091921880421722e-01 -9.340460266764818442e-01 -6.764216016742992171e-04
-1.297100625046455902e-01 1.023593588685577593e+00 -2.435351276413242477e-02
-3.617491707835211456e-01 9.548254379457080665e-01 2.290550842112650323e-02
3.261248922350673540e-01 -1.004981037941001798e+00 9.574155885485434100e-03
-4.840493651095989502e-01 3.333161317301660542e-01 1.238877779812397155e-02
-4.650107462126008007e-01 1.666891725796626478e-02 9.225956102107045476e-03
-8.312362343546322863e-02 9.952048654055729582e-01 -2.728290037346980251e-02
2.306129798305654732e-01 -9.921880198704425835e-01 2.707984922796883090e-02
-5.306248632235175400e-01 -9.737807693448713442e-01 3.623425788038307782e-03
-1.541637076716204369e-01 -9.929169407080032927e-01 -2.057368947973121573e-02
-5.056673734573924328e-01 -1.190497051175581772e-01 -2.018902911868384470e-02
-4.826616015453982778e-02 9.597505692741067351e-01 -1.756695305291984879e-02
4.965202469429633170e-01 -3.054745083010026452e-01 8.202818588792060855e-03
2.751246353456873739e-01 -9.791252334074886932e-01 -3.690403037670707959e-02
4.625316172762101163e-01 -3.958798773731115883e-01 -1.913182431625985030e-02
-2.697125962134854227e-01 -1.036675590570855565e+00 -7.968460522835996845e-03
4.616988314172537078e-01 1.034610570494929549e+00 1.642197922821211995e-03
5.201558009068686372e-01 -9.117489695727926113e-01 -1.027211813941488958e-02
-4.282201332326875942e-01 -1.021538536462312186e+00 -9.252128092507730731e-03
-4.697709269341150407e-01 1.254652516751422753e-02 -9.538046866689764772e-03
3.806337892469179029e-02 1.003626484185942358e+00 -2.240167699902230469e-02
-1.609264780154475993e-01 -1.009211422556988369e+00 -1.138479333879281567e-02
5.269554169644314889e-01 -7.739259450610976032e-02 -8.549408852735241454e-03
-5.188212096347815105e-01 -5.745514572280903121e-01 -1.257796894487621213e-02
5.379055727799471054e-01 -7.486176666528763235e-01 1.822219578878795949e-03
4.781423621586618905e-03 1.012167824941806682e+00 2.110890957473710028e-02
-5.100471365656853440e-01 3.788224428835820223e-01 -3.789777746706509375e-03
1.173757567985584671e-01 1.004729660538987934e+00 1.345129915941161228e-02
5.078066876995950274e-01 -9.051371461303577837e-01 4.804593361277630786e-02
5.058345975133868855e-01 -5.644576301816318642e-01 -2.496267700270106762e-02
-2.932391101729649868e-02 -1.002819085759174778e+00 -3.982138476676128080e-02
5.340233058108793118e-01 4.437756385036623757e-02 -4.279048419020422406e-02
-5.168652789941637904e-01 6.984032601633908266e-01 2.274873558754266292e-02
-2.212349498263329051e-01 -1.016159479769374929e+00 -9.051937543529293972e-03
-5.070693852391237044e-01 9.722317386384823901e-02 1.342506807154194778e-02
2.684697689661004194e-01 9.979725875301100890e-01 -6.126645663579473496e-03
-4.593982476654214775e-01 2.391041242632007957e-01 -7.233465813298692836e-03
5.313180273726383351e-01 3.334824312657380663e-01 -1.635784125863869870e-02
1.467718319417645606e-02 -9.572972081028127134e-01 -2.907439736223556628e-02
-5.273937644950253967e-01 7.130482236521722417e-01 -1.680083073104149047e-02
5.405444564944124064e-01 1.305962809984076607e-02 2.331153107282095752e-02
4.210283106554744137e-01 1.002150416955139400e+00 -3.195366839795402841e-02
-3.727632087954105278e-01 1.025213162168799652e+00 2.999733096799174492e-02
-5.269253129690716353e-01 2.029692834315128813e-01 3.919630752627144971e-02
-4.796785871404485868e-01 9.761560134969334834e-01 -1.469692892854147608e-02
-3.088110065797127768e-01 -9.762123125554116321e-01 4.329223785953579444e-04
-9.211637369511806173e-02 -1.007808734075825718e+00 5.599669459618806383e-02
4.696809746044979805e-01 7.219715275281660682e-01 -3.091321703182638159e-02
4.986180920198653443e-01 -1.664950534894306389e-01 9.025217226546181429e-03
5.183972536194129122e-01 -1.828736165510692346e-01 -1.632195872663814995e-02
-4.748009663560446292e-01 3.007599535927615864e-01 -3.145824238144387386e-02
9.101351900053353261e-02 1.025196883483946664e+00 -5.941114966912968039e-03
-4.332340756607193089e-01 1.025959432252228520e+00 -3.891765059661645570e-02
4.018534587191697760e-01 -9.871971998489632583e-01 3.217483576746362622e-02
5.087628613622329210e-01 -9.066009274851321020e-01 -5.838557622021949001e-03
7.993511566943764524e-02 1.008264298735795927e+00 6.596494989373426123e-04
4.993440749927277600e-01 9.245710631904896504e-01 2.423018587232214117e-03
-4.767447212772383813e-01 1.966289019046892905e-01 -1.021164817750114771e-02
-5.109154329031253550e-01 4.315504213613075013e-01 -1.506091980807026595e-02
5.349464399929789726e-01 7.364364081830473419e-01 -1.465174712669211655e-02
-1.297999778306302698e-01 9.859439482811969135e-01 2.596707787216134822e-02
2.973607977787062762e-01 -9.931700958393968603e-01 -2.045017982111412697e-02
1.213946707452059903e-01 -9.961604397295038549e-01 1.760013529295271356e-02
-1.957026662295560382e-01 -1.006579958343143844e+00 1.647852867149771474e-03
-4.878059248573930473e-01 5.415130009228646263e-03 -2.145812225203755017e-02
-4.873860234848097495e-01 -5.013904550053693843e-01 -4.641300057527050077e-03
-4.915153218052474293e-01 -6.906842124102186009e-01 -1.520818007991401113e-02
5.241805697694736921e-01 -9.044950319007249995e-02 -3.749292380136931557e-02
5.263292200256020070e-01 -4.905989251182672484e-01 8.050386290650409643e-03
4.952430659777121158e-01 -9.737448610502266177e-01 5.511139010980548904e-03
-1.215989654111112872e-01 -9.920315249805455871e-01 -9.818356032089681912e-03
-4.126920193331705122e-01 -9.999678326266692174e-01 -3.778223769542092547e-02
7.089488664814365404e-02 1.015079464624439431e+00 6.125718623780603174e-03
4.954112085964943457e-01 -6.287779989274209225e-01 4.801822419636347927e-02
4.590242333496083460e-01 9.846064101855018791e-01 1.726718498127633242e-02
4.699487065500022043e-01 -3.111660727160134310e-01 -7.981508676832367501e-04
4.781620272111537506e-01 -9.502563423247409324e-02 -2.711000734290967482e-02
5.097911657723496193e-01 -3.068186027093581791e-01 1.985599619606526200e-02
-4.839471871122837943e-01 -6.074022681299642290e-01 -3.718823955534418524e-02
-4.660738062300255891e-01 1.261698329649159900e-01 -5.791132835985198651e-03
4.947612584512259271e-01 1.022068224520491730e+00 1.064920395117795529e-02
-2.087601006417242888e-01 -1.009638782369550736e+00 -1.874271359898632000e-02
4.926319970983310537e-01 4.650369183192279987e-01 -2.593838467986881238e-02
3.979656664401796662e-01 1.007816322284602384e+00 -1.419281111716317635e-02
-3.256108806323072535e-01 1.000495373698614188e+00 9.544294405173096504e-03
5.271135178784153164e-01 2.585342031211747549e-01 2.467783130355600315e-03
2.458701109201862356e-01 1.000523999017593590e+00 1.668544064243835529e-02
6.783777269636623308e-02 -1.008074003214156189e+00 -4.708893464684833600e-03
5.083401157203767395e-01 -5.698812166047795280e-01 4.387157684335282054e-02
-3.900579756953385657e-01 9.941718941971529055e-01 -9.361954576798591984e-04
-5.342288404676827085e-01 -4.479834751569199414e-01 3.604004620774356460e-02
4.968771026952443770e-01 -7.836417470602673463e-01 3.548079166586157619e-03
-3.714190836237193927e-01 -9.856897112476100675e-01 -2.405975244464010274e-02
5.265489894060380038e-01 -7.488405962596537124e-01 -1.100255584590946294e-02
-2.020726438426536653e-01 -9.947509537961682913e-01 1.111194876774222393e-02
-4.979602329837024555e-01 -3.265335178751999079e-01 3.095664884851348844e-02
-4.786018665774625092e-01 8.489187593342381599e-02 1.226419660639078459e-03
-6.048863021132300927e-02 -1.004248066447455567e+00 -8.229130748561529901e-03
-4.868877360478544580e-01 3.318890926037908196e-02 -9.753394694560001826e-03
9.895225899378087830e-02 1.020098187851444127e+00 1.167681448476574034e-02
-3.204238796814080636e-01 -1.036848319081606684e+00 -7.406108582076166569e-03
5.478719024622469291e-01 -7.639068405251189242e-01 3.631376677222891008e-02
-1.636311539212660093e-01 1.028516670002305844e+00 -1.882734820383057334e-03
4.233039520460500638e-02 -9.854376979958545668e-01 6.643221490920385875e-04
4.621167097920925726e-01 1.007037039301122316e+00 1.279683581464424909e-02
-4.946721339640134940e-01 -9.962979417815497341e-01 -1.472510357729782393e-02
3.878287434747123563e-01 -1.017023511653080581e+00 -6.289198277684113735e-03
-1.255373317681739431e-01 1.013679788899927825e+00 -5.537332454239557271e-03
-4.907941696330923587e-01 9.622450395963593195e-01 2.106492507051329482e-03
7.560651458445517836e-02 9.649161863772981462e-01 -2.527582188785185407e-03
-4.728393716685032611e-01 7.914596840843233228e-01 -1.004268694099722144e-02
2.876854821039330490e-02 -1.005572856109861801e+00 -2.398221345996803117e-03
5.007692256347020532e-01 -1.222239013969511762e-01 -7.146072485963650238e-03
3.428838783304868354e-01 -1.000385963236442244e+00 5.292069304046695746e-03
7.083864482343023294e-02 -1.001129762950719426e+00 1.085432528717506645e-02
8.113718587893101186e-02 1.002457120733496465e+00 1.261709060889957927e-02
-6.712766848007202525e-02 -9.983896977586205201e-01 -1.616893228977623123e-02
-1.584155483358441474e-01 1.022948794024257646e+00 -1.428143815373843564e-02
5.427152272222740548e-01 1.973318890791334879e-01 -9.117326171064305332e-03
-2.204296762364397200e-01 1.012293133999286221e+00 -2.054273264130171417e-02
-2.057962912238263040e-02 1.008817928861307500e+00 9.970244232350650507e-03
4.918874421046686707e-01 4.123871014622283449e-01 -2.797253871022403054e-02
-4.934625042254683902e-01 4.583775851318002553e-02 1.686097696306337358e-03
4.666014222093450847e-01 -9.899995104936004653e-01 -4.268107728047559890e-02
1.624050883929263056e-01 -9.848717766325707501e-01 -1.017826222278795517e-02
5.262627750699996332e-01 5.052055554424895734e-01 4.168618260679953641e-02
-5.008888781646394506e-01 -2.458687417526183097e-02 -3.341736141893038217e-03
4.783317832587641316e-01 6.910697210405344348e-01 1.639812534496783158e-02
-5.259730461397531531e-01 -1.713232140409225775e-03 -3.858829807737478718e-02
-5.244593396321066692e-01 5.332858588115753085e-01 4.976142501083830917e-03
-8.498592583462515060e-02 -1.014662313069444100e+00 -2.431721290819091955e-02
-2.337838168843892062e-01 -9.700724761050624201e-01 -7.667988111655957631e-03
5.015146998213269036e-01 9.849284726072584650e-01 7.755045206797244600e-03
-4.799036606416931527e-01 1.000422214946846244e+00 5.961922850881592973e-04
5.272508266616237060e-01 1.014900129055783973e+00 -1.002331696151553472e-02
-4.545658615719974094e-01 -6.089730953703343941e-01 -1.265439653577747105e-02
4.483837582963543511e-01 1.003816511107924692e+00 1.464289474482018474e-02
-4.642123143416000408e-01 -1.002718778075382788e+00 1.360312362501544733e-02
5.096705036835990077e-01 2.527439313086722872e-01 -4.564154225209341581e-02
-5.153802979778644433e-01 -3.819937985954320603e-02 -1.532913404348795403e-02
-4.931142145604516802e-01 -3.633093721004337362e-01 -8.952563183675471504e-04
-5.421355600675010766e-01 1.233751679091607822e-01 -2.549967777233915628e-02
5.077446816852743128e-01 9.025910387663047540e-01 -3.496231159466174632e-02
4.966024511439309230e-01 4.187091193006278744e-01 -2.098469106021381633e-02
4.612416093194796618e-01 1.385418464797812943e-01 -4.768291797960570039e-02
-6.571301220989133052e-01 -7.678361767543702143e-01 -9.533608438962624942e-02
1.015309614466557209e+00 -2.763470350344067406e+00 6.675900411019042302e-02
1.027189690725810012e+00 -5.319964921865407703e-01 5.886918144514560747e-02
-7.692036995232814922e-01 -3.257741455958900190e-01 -3.634812088596628410e-02
-1.464572128330190903e+00 -1.827987114038219563e+00 6.446651509659656609e-02
-6.565109088661289505e-01 -1.264482697725721971e+00 -8.443943268157308446e-02
-1.350522016977275808e-01 -2.074444462603092454e+00 -6.029217794889012855e-02
1.239722404608711193e+00 -3.621015025554399358e-01 7.325630786011899653e-02
7.926133638846668550e-01 8.430002863595635887e-01 -1.564972896921294765e-02
-1.139997581537919302e-01 -2.181774329723593198e+00 -1.483333813789167177e-02
6.515611523602118371e-01 8.814937882331839170e-01 -1.202249543009917265e-02
-1.405212100060370783e+00 -1.660663908529442123e+00 9.989913189930763049e-02
9.955944038259103568e-01 7.703261883280276834e-01 -3.630563932738871402e-02
4.110476585932965055e-01 -1.951114273490343942e+00 1.410140081033435522e-02
1.180841311301483509e+00 -2.036618166001247232e-01 4.483004031472159756e-02
1.055610232421348993e-01 -1.587375439450511294e-02 -9.999104668354436010e-02
1.409651306461912723e+00 -8.121779526295895835e-01 -4.276091753574693538e-02
1.441653895658857154e+00 -2.658024199352945871e+00 -5.823183636606592967e-02
-8.482651224166715132e-02 -7.110870891383980208e-01 3.776771428289665833e-03
-3.272289480091143954e-01 -2.105692554555619544e+00 5.742036969969041560e-02
