1.007270796042252226e+00 -2.949115900547188973e-01 -9.394015623543784665e-03
1.014882000388455774e+00 -3.974904162080202807e-01 -3.941199987345595304e-03
9.738928845629010178e-01 -2.597086047231247918e-01 2.971943773168643846e-02
-1.193506176145547014e-02 1.936404070729990656e-01 -1.795213211792585570e-02
1.891624448378110002e-01 1.047509818366670009e+00 -1.906631166444550801e-02
5.365865938779921240e-01 9.658923716461094156e-01 9.059207507693702293e-04
1.004181411889046860e+00 2.042832563419118286e-01 4.159032355772623868e-02
-2.382480358434731910e-02 -3.578522609109224817e-01 -1.668258071460478748e-02
4.885263064110609288e-02 -9.866353064314360433e-01 1.124579798737388760e-02
1.457973028709368957e-01 9.886591714974146683e-01 -1.769523147963582635e-02
-2.510713603346679396e-02 4.273062351134476189e-01 4.169387660177879904e-04
-4.553066823642137190e-02 5.440550862300950197e-01 -7.499837947180119577e-03
8.516836495063623280e-02 -1.019139885160083026e+00 1.260699555801690977e-02
7.156945345416981796e-01 -9.920122083886994124e-01 -1.375350817620197251e-02
5.444997338896530037e-01 -9.493770884890349038e-01 2.181123954374616578e-02
-5.383873461283513080e-03 -1.069284911959667850e-01 7.688628000627365650e-03
9.882879402209078235e-01 -5.550709930101576095e-01 7.254031185678225593e-03
8.250368424349988627e-01 9.813848160766907025e-01 -8.188427712515086937e-04
-3.371295217206266709e-02 7.038774323819970702e-01 -1.796461907813460407e-02
9.599620933652176780e-02 -1.045920023321476933e+00 -4.603046970393582724e-03
2.100919203635891533e-02 -4.155415768355221751e-01 -3.650073233147779067e-02
3.302277393008965639e-02 -9.756970451181069537e-01 1.387526826463492124e-02
-3.186251548317024090e-02 -4.582752664475874260e-01 2.328096055223145486e-02
-3.153757021837059332e-02 -3.739767439103243440e-02 -3.386760278733844109e-03
2.857139207067722064e-01 1.028025193308163665e+00 2.324948973026712967e-02
8.700260760176037333e-01 9.818893914197711625e-01 -2.925928905686371335e-03
-1.179581908775886520e-02 9.269565697631134693e-01 -1.666395503189853008e-02
8.705209351465875711e-01 9.947116049702979801e-01 -1.836735721979196323e-02
-2.509385863325213489e-02 -7.312043100068771340e-01 -5.054293487688791414e-02
6.189524872402267786e-01 1.028446004166280625e+00 8.387459438534355200e-04
4.379344737080619332e-01 -9.959246582329240871e-01 -1.405027933011245359e-02
9.900713441752629906e-01 8.379789959946583044e-01 1.365722002614811782e-02
9.180109132692142460e-01 9.976790202743892610e-01 -4.788292990540968241e-03
8.199407278789736658e-03 -6.398442100834142998e-01 -1.157075524836357998e-02
-1.190137425548139227e-02 6.760984298718326624e-01 -3.800743412418943618e-02
8.652096415647874128e-01 -9.405506837389934205e-01 -3.940172133680628665e-03
3.583490739723335095e-01 9.491732773146416280e-01 -9.525791720387623285e-03
3.248043089038582520e-01 -9.846088148841053433e-01 1.997845317309237742e-02
6.489926643420607100e-01 9.751805933549917427e-01 1.749585995640057581e-02
3.607220874511721243e-02 -1.025864299547062597e+00 -5.645910971958536737e-03
-1.713887095654295645e-02 1.000287651486089002e+00 -3.081363424956864668e-04
9.878603886232356635e-01 -4.027737714658585211e-01 -3.786255932761203868e-02
7.066959193458420829e-01 9.747998017816205119e-01 6.365059103706520970e-03
7.494031327846308876e-01 9.614765037730291786e-01 2.390533030979127838e-02
-3.470533084426523363e-02 -7.381662913542696991e-01 -2.604929685774687309e-02
9.773363073964760339e-01 -2.235205736582052405e-01 3.333991655513757896e-02
9.713266108035127910e-01 6.120774876088713734e-01 -6.252607360389033156e-03
6.898552484192428391e-01 -1.014094824728977828e+00 2.056911337401866324e-02
6.835652696763263592e-01 9.813514051058345178e-01 5.191277226900489067e-03
6.110895573113062085e-01 1.015108819709766408e+00 -2.939287268069087564e-02
8.291148569059807460e-01 -1.016809147332215391e+00 -3.346258109475275938e-02
-3.022388760819122791e-02 -7.183258783676099712e-01 -4.126642977085375613e-02
-3.586199776122397931e-02 -1.001514677152064436e+00 6.721382471475249171e-03
6.677970763386546771e-03 1.415786198840084109e-01 2.201404336220506852e-02
5.427709108170623020e-01 9.835563762215886463e-01 -9.179528506069881480e-03
1.020432067420111055e+00 7.130952492656039698e-01 -3.139145833393561236e-02
5.586272168156908302e-03 -1.349012255719036768e-01 8.494355183534377240e-03
3.814511518048625538e-01 1.008039167453498308e+00 -9.352275004614205023e-03
1.002704801695594394e+00 -5.327995560841912726e-01 -1.579460830815716810e-02
4.400696398269611787e-01 -1.025290037418981282e+00 -3.535759977929388807e-03
-2.037895258708701668e-02 3.622104078220584888e-01 -3.290886508629180945e-02
-3.638051856036027959e-02 -9.743455632938116118e-01 -1.508402194777661888e-02
-2.000818397542274835e-04 -1.906805403234177743e-01 -1.658141958109055417e-02
9.914353758330236577e-01 8.360298728022453885e-01 -1.349536044866168211e-02
1.917323438339867403e-01 1.017237173858761556e+00 -2.285194386739815980e-02
-3.082956533945675065e-02 -9.568337690865765799e-01 -3.260549756243220909e-02
-3.906031779904933776e-02 5.854050355332506284e-01 2.012466221328477762e-03
1.020095160241121013e+00 -6.284570322553876577e-03 1.474243695905988819e-02
3.078684736539515909e-01 9.932731519681692323e-01 1.231223969311692756e-02
5.003906570630689554e-01 1.007215240217873342e+00 7.651029551127161432e-03
3.432049337826304503e-01 -1.044989228421868477e+00 -5.086636822839103560e-03
4.980134572738393883e-01 9.714402995881296077e-01 -2.100156270360626840e-02
9.870412078325276894e-01 -1.008341342208836977e+00 2.673753815474680037e-02
6.331858214614974334e-02 -1.012385431071741948e+00 -2.746737823582515170e-02
9.941853267577750453e-01 1.553881671028846910e-02 1.533388615575634415e-03
-1.809867427828962955e-02 8.871015129896336893e-01 1.198155982885359960e-02
9.146075403932203418e-01 -9.977812795363072418e-01 -2.628138946875153634e-02
1.026761308628475033e+00 2.671528985749875296e-01 -2.672062834479243740e-03
1.626518327511108364e-01 9.964211514595445740e-01 -5.800331413148557616e-03
9.139208629727241240e-01 -9.827875548797169181e-01 -6.764496683663574587e-04
2.499248381152372744e-01 1.020613202352742999e+00 -3.622339019936003830e-03
9.094163197747361371e-01 -1.015690491665127704e+00 -1.480809603194275896e-02
1.001244254229759267e+00 -3.019499294369206721e-01 1.356975834643849195e-02
4.623183991440587420e-02 9.844774911867744116e-01 -3.299945663473206805e-03
8.049607996174754643e-01 1.016204336658988572e+00 1.547540544003405544e-02
7.445118402708589267e-03 -8.436709557342995103e-01 -3.357057938385470119e-02
5.453260831524165964e-01 -9.700920641895058871e-01 2.097201526516542444e-02
9.909166534739600740e-01 -5.160639364971617571e-01 8.843421133617236380e-04
9.552435862880779283e-01 2.395703772794618991e-01 -9.154682071807921512e-03
2.333497174173411182e-01 1.010563782090263762e+00 9.200967882468564368e-03
4.151902654145988025e-01 1.023082047843186571e+00 -2.649386349092733642e-02
9.777143929077801721e-01 -9.259655888128563994e-01 1.707248961586694050e-02
9.738518625162478903e-01 1.025448192165206773e+00 1.339202606362414373e-02
-1.104852504265848960e-02 -7.163545683165704059e-01 -1.419395221864836951e-02
9.830361318586751107e-01 8.649548204998800394e-01 -2.180092291719527495e-02
1.897359011952236274e-01 -1.020365354877322384e+00 1.739529850543777151e-02
9.776840279764353880e-01 4.594573674836738841e-01 -1.984780495646529253e-02
1.041820519342658624e+00 -1.683780197708696635e-01 -3.906356856717647930e-03
1.011274472046572948e+00 -6.418102584462090920e-01 2.922877949253352512e-03
-3.435634145293391117e-02 -1.519731335112779469e-01 -2.003818195555123836e-03
9.136511503846933557e-01 -9.456394781674131167e-01 1.221984829592093116e-03
2.604653414274075290e-02 -5.226766995552348805e-01 7.458558368133726309e-03
6.776770120461746982e-01 9.544918544799224636e-01 1.274924981709833240e-02
1.022556332600293105e+00 6.082501458814132400e-01 -3.914193485343816364e-02
5.660341070095118443e-01 9.731462458337366561e-01 -1.649490626225942960e-02
1.114017549029217291e-01 -1.041355512735403943e+00 6.404920442384358890e-03
8.464306275790846323e-03 6.188564521457509127e-01 7.321976677036525806e-03
6.357479264855820933e-01 -9.356440506941853252e-01 -2.892041868246852596e-02
7.213507706897697158e-01 9.782229178141896853e-01 -1.410085875249481209e-02
2.354998928951453768e-02 -1.010972983245916668e+00 9.572545832707116814e-03
9.715396396598731110e-01 -1.927558098606673709e-01 2.030134112138810148e-02
9.762886695815115035e-01 -9.482194691449999935e-01 5.792737553722141636e-02
8.880116664742956356e-01 1.008528710123740568e+00 -1.752395474173946760e-03
7.165263022899692746e-01 1.008545247023877822e+00 -4.655854224803045172e-02
-1.682148414679091389e-02 1.821962479642695587e-01 -1.975212546207717680e-04
1.921255774356254165e-01 1.014694480957793354e+00 8.608514617358422466e-03
7.978217516199556103e-01 9.823310923099628500e-01 -2.838435867261930243e-02
9.725344582001800298e-01 -3.416083292175913222e-01 2.490386482330151502e-02
4.440784202313918239e-01 -9.603546122305554045e-01 -7.156184465155039816e-03
-1.698703917372197669e-02 7.042658361595551808e-01 1.696432807512432764e-02
5.301498634207530980e-01 9.609976228494611084e-01 -1.912057012395620634e-02
-1.926975525485548693e-02 -2.430146719117233511e-01 -4.769916270230810385e-02
-4.325383227933662228e-02 6.442469935584469454e-01 2.017805956095660574e-02
9.519898152622758847e-01 9.844394616879240667e-01 1.674798460947556078e-02
9.858853138176411068e-01 -5.022478004801441687e-01 1.132779964515367999e-02
1.861441120051308129e-01 -9.988721401687714607e-01 1.964925955272884411e-02
1.875086061721107505e-02 -9.142880782406707096e-01 1.164056548221503382e-02
2.693135315550658840e-02 -9.948810297410223269e-01 -1.474123704352786612e-02
9.460687612929394863e-01 4.464448541247749702e-01 -1.912309416315501748e-02
6.705972565827550413e-02 1.005565213143335468e+00 -1.598368696596431590e-02
3.616915447813325857e-01 -9.914643110610644738e-01 1.736981366355195081e-02
3.872868169955172579e-01 1.005593275249355933e+00 -2.750511673471048215e-03
9.823480088586252768e-01 -3.751066556912404648e-01 -1.675438967958643721e-02
-2.895248863817785970e-02 -6.513267010391446954e-01 4.273081911010858519e-02
-3.551207840322269382e-02 1.368864190416199111e-01 -1.129923578505533099e-02
1.008999980387230266e+00 5.061344231015997286e-01 -1.240319216937747597e-02
5.435587650041118213e-01 9.471524164729190343e-01 -3.483025690910086791e-02
8.523853432476750092e-01 -9.909586251098740917e-01 -2.447260920441585511e-02
7.255286784380444720e-01 1.006444987353456444e+00 -3.044518864120019513e-02
1.018547164285511730e+00 -3.053844240381929365e-01 -1.151009395922289111e-02
7.271172932845128001e-01 9.836036739670883655e-01 -1.276560348556950164e-02
1.019237451518454129e+00 -6.772713398376396521e-01 2.630731639123343180e-02
1.604569448207499860e-01 9.980020986032346331e-01 1.588776386257272077e-02
-7.556128477760210363e-03 9.635570786805085497e-01 -8.291983328914034196e-03
8.456951974105809677e-01 9.667226351937752149e-01 3.693590876017526642e-02
1.011813238208687959e+00 9.626229677882573998e-01 -2.466693537191255725e-02
7.248687847680762575e-03 -8.551815236426243416e-01 4.493852517892404919e-02
-6.151847328421805594e-03 9.625337867399381686e-01 -1.924959143198806937e-03
9.858548630231179777e-01 -1.004931643048768475e+00 1.122020243611774031e-03
2.567146773925690212e-03 -2.293041546977633849e-02 -2.716307062462909941e-02
-3.159662228128495842e-03 -8.158063316424456202e-02 1.369124221481833733e-03
5.236032678682509336e-03 -4.305968697406085677e-01 -3.556143242685859147e-03
2.828024667279663285e-01 9.903334162508249383e-01 2.711804757569407764e-04
-2.955071758936586232e-02 -2.780668066184425746e-01 9.596122694551824372e-03
8.820052724608823391e-01 1.000025475619782833e+00 2.542993921707497468e-02
5.358347324642568354e-01 1.014186402703602941e+00 -1.673984321662563488e-02
9.893316149260350523e-01 7.713433920118182296e-01 1.914042820999732608e-02
8.471771892812952620e-01 -9.991865168383835538e-01 -1.614356983359944986e-02
2.204998748324810132e-02 -3.446612795471875601e-01 -2.794672776230279834e-02
-1.369906443054072671e-02 8.625236605852620864e-01 1.208442497803414312e-02
-2.340316871009673338e-02 9.262037056245908673e-01 -2.226807533042541882e-03
1.014066308546073714e+00 1.002831439960381710e+00 -3.947469741048163783e-02
1.544788382508556143e-02 -7.949422632731857341e-01 1.117547229929547956e-02
1.415475675298534242e-01 -9.862601521579297259e-01 7.465086999902327720e-03
1.047948179196900975e+00 1.020315647131143422e+00 -3.759012901836623552e-03
9.867904273414179750e-01 9.983265696041887516e-01 -2.940136960457980994e-02
3.300577004826424701e-03 -5.201952172528813423e-02 -1.360083439595248522e-02
9.734969247184889207e-01 -7.347925559087732372e-01 -3.283089978448072016e-02
7.580434217593003954e-01 -9.906918971560835230e-01 -2.321164272795677667e-03
9.850469841695304041e-01 -1.828438872444040075e-01 -2.834134652791283140e-02
6.244082560297780082e-01 9.997087184140397431e-01 2.686903702707071212e-02
1.003706702625940306e+00 7.831988323037110122e-01 1.799449647266238017e-02
2.969982069885310771e-01 -1.031052359868231294e+00 2.088376202705262072e-02
1.010333610920906677e+00 -8.820996859094727416e-01 -6.615771618063141790e-03
-1.073390088906022583e-02 9.389008657916578793e-01 -2.637040181362122065e-02
5.909313536140891054e-01 -1.004745806871966796e+00 2.442373222675443475e-02
9.174528915815127750e-01 9.985687265059441931e-01 1.832750176968393763e-02
9.984498170054429966e-01 3.131847023444979672e-01 2.297871923034144892e-02
4.588474297633671206e-01 -1.018905579561721231e+00 1.333551999760325575e-02
1.006193019689635357e-02 9.852331147298383218e-01 1.785911669942069277e-02
9.842850497991151304e-01 -2.666753507294705172e-01 -1.855473763721645145e-02
7.360219589287734232e-01 -9.921456832514158330e-01 -1.605715228291434765e-03
6.948967680142150716e-01 1.000951626542813777e+00 -1.353128113961122453e-02
-2.745830895254796830e-03 -1.014073958696251943e+00 -3.461122107894210043e-02
1.005935659828421036e+00 -9.235737884349209947e-01 1.892442796463580587e-02
8.615900096423604326e-01 -1.034795806217104319e+00 -2.348072290075478921e-02
-7.179648639220860551e-03 8.689088594170948365e-01 -1.315652132499690700e-02
9.924477995948381981e-01 -1.848769135181718426e-01 1.683655122554659697e-02
2.974257370126248690e-01 1.027018458288100566e+00 7.292765714674544902e-03
9.884776314501992900e-01 -2.790370526671197005e-01 -6.691219882258051324e-03
9.145822189506015720e-02 9.948737553247954946e-01 1.603606430208262936e-03
6.438214588563240248e-01 1.001357974872493228e+00 -2.056588294412570531e-02
-2.054989100966948118e-02 -1.019084441759276594e+00 4.167313399929784348e-03
3.045556414055867744e-01 -1.012245571911731812e+00 -2.696222175282788572e-03
1.034599016003142843e-02 1.410068087916525534e-02 -1.895450536879756190e-02
1.000564005264109602e+00 -4.191202258216603083e-01 -3.234563174947143772e-03
8.970875787196773699e-01 -1.007251501906408109e+00 8.566571075539016270e-03
9.796832182296532077e-01 -4.548253676171426507e-01 2.115964996160165854e-02
3.929681705693651161e-01 9.696739042958828492e-01 9.957092240522640719e-03
8.905576525869615123e-01 -9.834242581690061380e-01 1.772423037907335311e-02
5.945741984004151437e-01 -7.190860791274635844e-01 -4.218026635123959395e-02
6.012685268081978673e-01 -1.043473271508440936e+00 3.959699123553847566e-02
-6.839189075202584123e-01 -6.608738110929603948e-01 5.049612429047148354e-02
-6.306360234046554103e-01 1.391095565921626864e+00 -4.412810565473952729e-02
1.935797127589719446e+00 -2.194078213303738423e+00 -9.013141902919857840e-02
5.465629591428233791e-01 -2.535740611874012895e+00 -8.306457597782278268e-02
5.290448601791291061e-01 -1.023121862794288850e+00 -9.746527624068763995e-02
-1.399262171123016874e-02 1.973952765540456511e-01 -6.295528828719185177e-02
9.077753341232865925e-01 2.957517187091763589e+00 6.295999268659757675e-02
1.555344566770844095e+00 2.450829512170436431e+00 -3.276049778693428116e-02
-1.091002185138076896e-01 2.447545010767002260e+00 1.895094771059151195e-02
-5.953938191235264021e-01 2.156994077974209389e+00 8.115547478197066011e-02
-6.533796126444055830e-01 2.058250534607378057e+00 5.700986771135699294e-02
1.704292622795973156e-01 1.053865984806890310e+00 -8.704930701072831345e-02
6.405553270992123682e-01 7.199538660789084332e-01 6.321354228790784791e-02
-3.511971820576634817e-01 9.800353880129968331e-01 -1.975967478173809577e-02
1.297952607823318116e+00 -4.157652062344245891e-01 5.667903981985519812e-02
-6.329100217137187956e-01 1.679287364432058283e-01 2.116278586964423503e-02
-4.090351459832529679e-01 -2.421343276962113933e+00 -6.431658185299279906e-02
7.637056320686148592e-01 1.259984182693810517e+00 -4.961761829755800129e-02
