1.473546720188892156e-01 1.026351309877986395e+00 6.020629101831582661e-03
4.361851346555029041e-01 9.942545632831809588e-01 2.148738426703423673e-02
-3.954960474240940549e-01 -4.344491458294522102e-02 2.655370334076356201e-03
-3.883881016394761798e-01 5.051113816585566241e-01 -1.956322719343720970e-02
5.627788524190919794e-01 9.980138089558645564e-01 -9.569325067519771078e-03
-2.780553711567026465e-01 1.008902313870086997e+00 -6.288968438184495665e-04
4.160919507007948548e-01 -1.005183081451085370e+00 2.238317756334365707e-02
-3.807643265975493296e-01 -6.050986524924564236e-01 -1.852914022899799021e-02
2.687305633485179701e-01 9.638731477531076175e-01 2.661944885001090930e-02
6.159177691607577998e-01 -6.068530938868391678e-01 1.287650637344299812e-02
6.214297779977068226e-01 6.335573765895727849e-01 1.798894621995938276e-02
1.261285980578249200e-01 1.001117761912740933e+00 -1.408140470714256028e-02
3.835982570722094587e-01 9.947418822901473723e-01 -2.052680157584556644e-02
-2.108324406068730617e-01 -1.036741589398596730e+00 -1.204992425620178900e-02
-3.712096113355946581e-01 -3.163389801223104314e-01 3.317151221694760919e-04
1.550223145464725838e-01 -1.003851633014671174e+00 3.102924338429958670e-02
6.028453034016202361e-01 -6.974139629223846670e-01 -3.319334272506553954e-03
6.408911438485239698e-01 9.932223026650646158e-01 1.372091190616917325e-02
2.122805825455718332e-01 9.778080726611574347e-01 7.973753229689340555e-03
6.207476973151998534e-01 5.049223135596314638e-01 1.309676805814210393e-02
6.103286012701509833e-01 6.459655200106128037e-01 2.333711486366090576e-02
-1.622169187748443431e-01 1.001581449218847286e+00 5.797496708323235208e-03
6.273415270738340599e-01 -9.971026794536343996e-01 3.533876279006229176e-03
3.717322076462489799e-01 -1.006788801251557119e+00 1.757101373180611908e-02
6.015646337114561870e-01 -9.975927398907852295e-01 1.908923997884816315e-02
-2.117255942485799791e-01 -9.823654699344845920e-01 8.524695300526468830e-03
-3.460684948189151483e-02 -1.013882828019187388e+00 -3.428372646557310138e-02
-3.952472695105759271e-01 -1.800054186831228920e-01 -2.467086393157453747e-02
5.218838933786057455e-02 1.009789311233657783e+00 8.557913469542785187e-03
-3.153704543446208541e-01 1.021422078053062510e+00 -7.664133797417372641e-03
5.299401287127030180e-01 -9.940069851717004967e-01 -2.277620818355619112e-03
6.465974293647628324e-01 -6.346745772606974256e-01 3.516329615338137371e-02
3.449961974102178086e-01 9.736154915767065710e-01 -2.713347127747076787e-02
2.157899043673182082e-01 9.980380663073473713e-01 1.637835010086468451e-02
-3.639383440829804250e-01 -5.855073005034270306e-01 -2.599792803411777459e-02
1.965157524754579388e-02 1.005545258767800876e+00 -3.886903286725547357e-02
5.945904619571207306e-01 6.970894854360107917e-01 -3.549859281378264786e-02
-3.226487109111699225e-01 1.011583790469216648e+00 -8.169844223300378946e-03
6.401441193641386196e-01 -4.669563558787925284e-01 2.644138410464672712e-02
6.329649217075861145e-01 -1.745635198418565293e-01 1.230021119041480038e-02
-3.340170284011401147e-01 -9.863096139128972872e-01 -1.126142020577588707e-02
-4.617742217558409856e-02 -9.694489838539585014e-01 -1.928740667261689273e-02
1.918413382001865619e-01 -9.937982042453503695e-01 1.168005419183620712e-03
6.784671046918436810e-01 4.096448210511167143e-01 -3.824175614707510384e-02
1.463426745534613660e-01 9.854940209185429900e-01 -1.718164158595691243e-02
-2.392150463432221319e-01 -1.010759165758772671e+00 8.041303776157278718e-03
2.310665841184105507e-01 -9.874683860853068484e-01 -1.713837432761733393e-02
6.339892777277951197e-01 -6.583804192591390381e-01 1.646426656043889838e-02
3.124072903939190682e-01 9.829238235909245613e-01 2.117550579675783404e-02
4.307234449664561482e-01 1.004794170189060143e+00 -8.023508673089031068e-03
3.871275154024968468e-01 -1.013768549540087882e+00 -3.982182351227603334e-02
-3.561556432996576538e-01 -9.357066275108821829e-03 -3.333803837920903262e-02
-3.663061718030007907e-01 -1.054288948336536524e+00 2.997974257093296083e-02
-3.092023920638525825e-02 -1.020096243921887691e+00 -3.818555979960572277e-03
5.123347406498007794e-01 1.011847295011852443e+00 1.718815963209490913e-02
5.810403143990354735e-01 9.927088693117452900e-01 -1.735276861479458435e-02
3.114069798423543811e-02 1.000872475726794608e+00 -1.899642138047362774e-02
5.531254498725226565e-01 -9.791354178114785034e-01 2.076569486937023326e-02
-2.525709811757175793e-01 -9.855180128250834448e-01 3.942910836942978454e-03
6.504295655750051974e-01 -8.702164802353836714e-01 3.539299288388998710e-02
-3.883569738002090599e-01 -9.474942269402049089e-01 4.812078908936733013e-02
-3.329233763901675025e-01 -9.929067476620238031e-01 -3.270932835057945368e-03
-3.784935395488077114e-01 5.175272438904640060e-01 6.061287443336028230e-02
-5.007925674273203814e-02 1.004909176843253649e+00 -1.522253623786880283e-02
-1.198538117755960086e-01 -9.824135606470093540e-01 -2.425884859040869368e-02
-5.804768647545317101e-02 -9.700635055595135947e-01 3.588848964486601040e-02
-4.031936517215784499e-01 -8.152148121214751741e-01 -2.666763866221446080e-03
4.616878618756722341e-01 9.895778981796149454e-01 -9.149387978930610330e-03
6.145808261825097540e-01 -2.464060989659530854e-01 -1.104007382276484157e-02
-3.844104781429298900e-01 -8.421228344039539682e-01 -4.386341524486514314e-03
-3.731080054129314316e-01 -1.789595274315460005e-01 -4.707883303838792527e-02
-3.829083062166865892e-01 -1.310587947722978708e-01 4.666055154694756686e-03
2.961999079474151864e-01 -9.904832976534747591e-01 2.970801081369126712e-02
5.958060969180982713e-01 -1.918348445258084012e-01 -3.745758286766489448e-02
-7.114547370853244179e-02 1.005410650427736918e+00 -1.290993668406063312e-02
5.943561816793320185e-01 6.219696931987566124e-01 -9.160764571409074630e-03
6.364498402390131870e-01 3.578601306955199179e-01 3.052043353406663426e-02
-1.191621756464973370e-01 9.739753607824238602e-01 3.600334120018300332e-02
5.864845937063877246e-01 -1.019212114671114389e+00 5.692499281455327964e-03
4.039772590248431050e-01 -1.000797828705596970e+00 3.076832966874532525e-03
-3.713666383648758229e-01 4.115807231512171871e-01 2.526685571674805019e-03
-3.675843567857527416e-01 1.166945821953945112e-01 -6.988854326706761544e-03
-3.687122972856055059e-01 5.143906629224701543e-01 -3.449082652495606000e-02
2.689237589190819344e-01 9.752832359551676378e-01 2.242212394375718218e-02
4.805625862194101705e-01 1.003782534323341302e+00 3.076754824739684480e-02
5.945531785167358363e-01 -2.012869886302379174e-01 8.725886328362046293e-03
-3.787826505827981971e-01 8.187940713083171618e-01 -1.209714319650863042e-03
3.931735873186260610e-01 1.000385007479018817e+00 4.106279242619978800e-03
-3.818972361966010420e-01 -7.965784030172403662e-01 1.269894613355028630e-02
-4.001326128732687892e-01 -8.922247632624637215e-02 -3.476936852946268391e-02
6.178654604123376970e-01 3.762450209479228369e-01 3.160601987386853912e-02
-3.018320636608889940e-01 -1.018057089127590187e+00 -6.335551003251563111e-03
-3.407281189338225436e-01 -5.900873760101016385e-01 -1.476385703888541054e-02
3.745342763494315941e-01 -1.011985942040806385e+00 -3.360451636846276818e-02
-3.672320086227888192e-01 7.530603700174403059e-01 -4.400921997040578917e-03
-3.824741548149068193e-01 3.688979907768381583e-01 3.344021496132971918e-03
8.872960035532098666e-02 -1.019635881134462352e+00 -8.627626546934661841e-03
-3.856965514058176558e-01 2.465448850301719952e-01 -1.559267988877639788e-02
-3.980825760886424480e-01 1.001251941992635563e+00 -1.974071212945660223e-02
-4.004872659826974601e-01 5.237438964755729565e-01 1.097510717157476265e-02
6.201887240796633005e-01 4.067121918007157721e-01 -7.531348866826528300e-03
6.292726086441735589e-01 9.525752995865324202e-01 8.123177916419258493e-04
6.442078741816693599e-01 -7.952309165513397060e-01 4.680765549930042402e-02
4.498362689867680952e-01 1.011193895859224812e+00 -3.233879127054788138e-02
6.224604834763569627e-01 -3.121683514705800300e-01 -1.449585408105332103e-02
-4.050435942559263425e-01 3.370110328715137937e-01 2.555707314932919791e-02
-1.879240451484865959e-01 -9.914952230605736938e-01 -1.745678824662213677e-02
2.301202911582160560e-01 9.920839516462111041e-01 5.032144042033159619e-03
6.491863421326159456e-01 5.032346288590290317e-01 -1.263198558416567772e-02
-3.551492443658577081e-01 -9.670644837678569194e-01 2.150100035766774539e-02
-2.670872428360359097e-01 1.013655129018844248e+00 -1.379493166386820159e-02
-3.940419984391241304e-01 -6.889008512757284486e-02 -3.145474683114192482e-04
6.504502567708121408e-01 -5.132923649143472655e-01 -4.595493550620446781e-03
6.026509760546403527e-01 9.700036569031410538e-01 -3.081619775743695694e-03
-1.495493048955594262e-01 9.945413356178469666e-01 -3.023640437573030249e-02
3.957471941560050666e-01 1.011463736610906938e+00 -1.593132811358565631e-02
-3.658327858497474883e-01 9.288121643619685619e-01 -2.497677593093012779e-02
5.437418695197062668e-01 1.001145944903265139e+00 1.813008113853954717e-02
-3.770602408242755277e-01 -9.330575338532799412e-01 1.461234873826311627e-02
1.309550640152685186e-01 -9.864694487049940896e-01 -9.766245591919301555e-03
6.125517219870109109e-01 -5.300815135035308323e-01 3.077761265084063766e-02
6.035621385171417996e-01 8.547856472489655244e-02 -7.750497418879925826e-03
-2.997845251991859694e-01 9.853196900921724621e-01 8.469133227729271421e-03
1.040301020599965209e-01 1.005013982132925143e+00 -3.302068963746582902e-02
3.123437870367209435e-01 -9.844286612213647425e-01 2.986771777724001389e-02
-1.735498096254466938e-01 1.008397849536520230e+00 -3.336383568509360131e-02
-1.825128811079722579e-01 -1.006689289926550046e+00 -1.990024596512759980e-02
-2.808317762851360033e-01 -1.002154193411807004e+00 1.045560569973889332e-02
6.169596750239172422e-01 7.271224975996857243e-01 2.018813228246735605e-02
6.503268996320040740e-01 1.087275956186976172e-01 -1.580047268040940187e-02
6.171532135078736658e-01 2.898388070364281144e-01 -5.545787494623964989e-03
6.335214606720277475e-01 9.921816997553289941e-01 8.233678364028860358e-03
6.656612580705904003e-01 3.628651537094386703e-01 2.903239934688044144e-02
3.409311722741967809e-01 9.874425565354841838e-01 -6.957814679508577489e-05
6.654113260565483468e-02 -9.832647896717251479e-01 -3.335361695648973029e-02
-2.098755661913807302e-01 -1.007772730359734581e+00 2.600445829770689499e-03
-2.853575157984865607e-01 -9.818379563513510710e-01 -8.650268259658838721e-03
-4.103516999973644275e-01 -1.284127521130724037e-01 1.184034518314871012e-02
5.403365445079748308e-02 -9.813777903549832926e-01 -3.496595546043207957e-03
-3.456411161948872435e-01 -1.005070111246709752e+00 -4.690803154509856632e-02
3.795964251593319516e-01 -1.005711405377915924e+00 1.337703700622095045e-02
-4.070527259082916127e-01 -6.450859729424571753e-01 1.558859899987127904e-03
6.759424577544660417e-01 4.287700015037445023e-01 1.014195565370506775e-03
1.389871194501998350e-02 9.704649797623271512e-01 -8.977171069661463165e-03
-3.991841059946702464e-01 -4.680367209561364650e-02 -3.968903902832290019e-03
6.616841916684065850e-02 -9.905171616237820054e-01 -3.981962866482275168e-03
-8.471894280036108837e-02 1.043468351412959239e+00 -7.839194511962068943e-03
-3.791729310247665130e-01 -6.621771806896901147e-01 7.396430439980687145e-03
-5.009605733692131663e-02 9.953498277978192199e-01 3.888731779753589607e-02
-3.786379409266031892e-01 -2.242451398604498325e-01 1.798158519439433875e-02
6.019343706571345098e-01 8.437364673912961521e-01 -7.332727247866885692e-03
2.356078138979158243e-01 9.800066618525947737e-01 -1.886159966677586688e-02
-3.489237741291922323e-01 -9.977070954661778623e-01 -1.242963312108184490e-02
-4.223587816478753254e-01 -3.599348817009496160e-01 -2.621915446102233288e-02
-3.670491045936126184e-01 -8.341939871912880111e-01 4.361475036835467042e-03
6.068937480810019380e-01 1.590320586579345719e-01 -3.212831611149043198e-02
1.187450487898734225e-01 -1.028894904595628823e+00 4.951759277570326120e-03
-3.890788323876466226e-01 -1.704856899582094520e-01 2.609854792414012178e-02
5.891020328282039475e-01 -5.179909586935545207e-02 -6.863475478879360603e-03
5.930492714081396777e-01 1.063631612724792314e-01 -1.876021784242554516e-02
6.539884808286614559e-01 4.733036857234940165e-01 -8.291458697045946818e-03
6.169391647484152585e-01 6.522596616740647946e-01 -5.047870849614982669e-02
2.431012656055509258e-01 9.986014108641400044e-01 -2.491700564872617596e-02
1.512915765329816142e-01 1.017843929919696411e+00 -3.896060086175779746e-04
6.438668170995439644e-01 -5.727172968349762971e-01 -1.221177476354628685e-02
-4.311411095680051653e-01 7.590818813050748126e-01 -2.732937079543730930e-03
6.010699878246450467e-01 -1.636667898677796329e-01 3.402189611566382079e-03
2.109973086912567686e-01 -1.022934911806566038e+00 1.020220119446620284e-02
-3.712013721333808913e-01 -8.428828623879496273e-01 -2.199654000820783217e-03
4.590663636763728239e-01 -9.610514681384857427e-01 2.059991796191607601e-03
3.965116153825090639e-02 9.853819949638304987e-01 3.760560383269589968e-02
-3.794253979437530178e-01 3.073259532761735829e-02 -6.192583308504500360e-03
-3.686869127884379038e-01 -2.252146130144682679e-01 -8.270517856541719295e-03
-1.506973397054044428e-01 -1.019967011027173243e+00 1.860901286402610703e-03
1.223360496702656647e-01 -1.008972345513695190e+00 -5.498816523127032264e-03
6.447789070078896456e-01 -7.848558562677369066e-01 2.706201320003142480e-02
5.905699366726191446e-01 8.946542594620110478e-01 -6.307526426352116911e-02
-3.499989131328855585e-01 -9.907464485096276752e-01 8.846120036133548262e-03
1.093773806319781744e-01 -1.007794038049335761e+00 -4.272083781335570679e-02
-3.507908723492743075e-01 -1.050627925695577503e-01 3.276507521394280559e-02
-4.084566540652501132e-01 9.579046805219293415e-01 -4.131263106015921338e-02
-3.850549973927920311e-01 1.193286496989484635e-01 2.948322989298740593e-02
9.716333798486187501e-03 -1.008490351737286295e+00 -2.064393356634751115e-03
-3.697425455518786319e-01 -5.828593685954726045e-01 -8.714024193370046439e-03
-3.733464483678496926e-01 -3.022438638307598513e-01 3.717865374829885244e-02
3.301787133177107592e-01 -9.709884381187002811e-01 1.009877031215059354e-02
-3.944080703885409211e-01 -1.591331856697704439e-01 1.429248632862461588e-03
-1.582255663690527309e-03 9.794181188492195878e-01 5.551133045867135372e-03
-3.853700181907471767e-01 1.656638680134132208e-02 7.704239196018558902e-03
6.530328377663384698e-01 8.716250177370765684e-01 -1.528571049172652505e-02
-3.711740406367740608e-01 9.977458994628761735e-01 6.752096124388028489e-03
-2.470011582847486675e-01 -9.872108321492705230e-01 -3.415626013823497287e-02
6.161622232756432949e-01 8.030446765272625242e-01 -6.460415322535673251e-03
2.358211198160272692e-01 -9.948088550719632606e-01 3.612293618918627214e-02
6.091238936814239446e-01 -3.357540944583237152e-01 -1.736229539502908217e-02
5.627224107136006293e-01 -1.001568756812230898e+00 1.406072925450767806e-02
-1.142870556925887071e-01 1.031968011682207420e+00 6.762972232373633263e-03
3.330589519053770986e-01 -1.002679724956065499e+00 3.666102845853089903e-03
6.268109319717121153e-01 6.607828208356530952e-01 -5.741448394839991122e-03
-1.107196283933086500e-01 -1.060265534408480814e+00 6.668560198983466969e-02
-9.662661434232193702e-01 4.243566789005535078e-01 3.737779172096419855e-02
6.866005381565090104e-01 2.613463094606238712e+00 6.300336835860706475e-02
-8.345260288836870988e-01 -8.439942678644540841e-01 -5.360555068486157204e-02
-9.423569831020480736e-01 -2.275188672330009432e+00 1.203348886345947943e-03
-9.369503304947336408e-01 -2.252031289484164756e+00 8.061467726677126744e-02
4.348351098571723305e-01 -2.130574085724434852e+00 -1.981989804527790888e-02
-6.615597815750267063e-01 -7.312616600471808503e-01 -2.624029543144316967e-02
-6.057808723520836658e-01 2.346750290719894494e+00 -1.555666903956440250e-02
-1.708481984264715869e-01 -1.273295908326181225e+00 -9.516992744338573229e-02
9.564364647051570856e-02 -1.331737200475719085e+00 -8.623987927286265454e-02
5.838204721715878343e-01 -9.870392174528590523e-01 -3.005207785321704905e-02
5.627143936491720844e-01 -2.521029960728045083e-01 -7.831645662325198431e-02
-2.195030269412827639e-01 2.044831495538319110e+00 9.387365633074903903e-02
4.486674114187096940e-01 -1.157555999220238663e+00 -2.381381653133711473e-02
-4.545404182403458559e-01 1.346109495202041373e+00 8.586463462249332990e-02
-3.916514356519344986e-01 -3.707072298900251361e-01 -4.931735226092379826e-02
-2.471616813954362613e-01 4.859814717173787102e-01 7.254128204046517148e-02
9.473290777472715973e-01 -2.048858965208753879e+00 -4.205781197826607976e-04
2.301567150115868543e-03 1.186567115913659265e-01 -9.351865395158789895e-02
8.995641739436628370e-01 2.033990488852726486e+00 3.949714990230523970e-02
