-2.532814701112592326e-01 -3.363677553929257658e-02 1.308076082779378868e-02
7.032145501631710260e-01 6.232550574519817310e-01 -2.618148100350086230e-02
-3.369897511363219300e-02 -9.909384356534097771e-01 -3.989801372265924101e-03
3.927565474394203449e-01 -9.920535116687414501e-01 -4.075873855546503777e-02
7.430351234769622115e-01 -5.640997690618267946e-01 7.846980351709945817e-03
7.145176083354199958e-01 7.450283579875979223e-01 -8.054125828928442032e-03
1.848265081688822142e-01 -9.883826506518750277e-01 -7.034661352849441718e-02
3.287315521615007397e-01 -9.562743678724683338e-01 1.329298143019250547e-02
-3.054611705084823714e-01 -4.818500582801103493e-01 -1.257214028848699676e-04
5.222492425673820327e-01 -1.026407859993787364e+00 -9.463826938050434040e-03
-2.720920899491730549e-01 2.891325854137842821e-01 -1.990406881159418467e-02
7.567618741547865735e-01 4.266286198455023632e-02 1.885818027028448099e-02
7.452352498084533483e-01 -3.720003117104320189e-01 -5.899628187640527759e-03
-2.895269236927889289e-01 -1.853588496970137722e-01 3.869734915190172451e-03
-2.771502651390268523e-01 6.797551232946695832e-01 2.269810998177809735e-02
7.186083108719149015e-01 -1.912259840996435034e-01 -1.509249490289244107e-02
2.581225263851211205e-01 -1.025138760677737348e+00 -1.453481024446769132e-02
7.622225702673431913e-01 -5.095917171007603719e-02 8.312544304669074527e-03
4.376129248337034539e-01 -1.016902526666800366e+00 2.696019337540292785e-02
-2.090585555018082686e-01 1.004605834205871906e+00 -4.952174947605940923e-03
4.641160061146447635e-01 -9.736283216179605349e-01 3.753784398768070241e-03
-2.009630661724939316e-01 -9.624101816202548232e-01 -1.206614797218958767e-03
-3.089459857004399068e-01 -9.952004299035001056e-01 -2.216032118072978896e-02
4.631974899608605756e-01 -9.722610302356390344e-01 -1.362172304612731255e-02
-2.863531409420738139e-01 5.786844664496096913e-01 -8.570087181681512387e-03
2.581680939501053151e-01 1.022432087199129924e+00 -2.994502501869642994e-02
1.637904903575374826e-01 1.011842657000073142e+00 -4.049190337446969407e-02
-2.972871016116072074e-01 5.095549186638955730e-01 8.941591408079456113e-03
-1.487413226941686484e-01 -1.004873053822268991e+00 5.803889333483237996e-03
-2.963379529128240542e-01 2.151046932913268095e-01 3.778636941904232709e-03
-2.929720297663321316e-01 3.052455124151081667e-01 6.829957166275310576e-03
2.861369520666268151e-01 9.505400237462748869e-01 3.983898343457642141e-03
4.709411527421305532e-01 1.010560529816266317e+00 -5.220654415528371180e-03
7.070908529301107581e-01 5.230320025684530583e-01 7.198408642536605409e-03
-2.976388294432467663e-01 2.388850689992170762e-01 -3.123810639257120630e-03
7.060301652110612114e-01 -2.340991429689315007e-01 -1.263489932223722106e-02
7.273861617774448618e-01 7.215888335720846980e-01 -3.623995742625628347e-02
-2.504962775785558038e-01 -1.495942084383741488e-01 -7.930281533503615379e-03
-2.973900140054414054e-01 3.594922822951612806e-01 -8.230764128354495224e-03
-2.842922294751434320e-01 -4.342542495021226023e-01 -2.070655869467771110e-02
-8.466414709660603777e-02 -9.928975977491087956e-01 1.659549747662666247e-02
-1.465851038172758525e-01 -1.005857946525248847e+00 1.585629787920546374e-02
7.328565056665764521e-01 -3.611573035767499246e-02 -1.964908488347707344e-02
-2.836307476819482920e-01 8.647720483932630486e-02 -2.286121323453842863e-02
-2.839079766428543872e-01 6.312208499928426142e-02 2.039988037482314345e-02
5.666171847074223944e-01 -1.020806220925524865e+00 -7.757532268776482984e-03
7.435493456491421016e-01 -9.369699954761248062e-01 2.180916303986739357e-02
-2.430733387604038509e-01 -4.055998863481530270e-01 -1.244729668956428247e-02
-4.341883110144686975e-02 -9.860070689144191380e-01 -3.574221512176372489e-02
7.022544942628445863e-01 5.026222261778697797e-01 -5.327724274912039142e-03
2.213003300040780053e-01 -1.006609047908644472e+00 1.342561200164266860e-02
-2.667913029187435892e-01 -6.005622508033717777e-01 9.953997427535160938e-03
7.370578089629382657e-01 4.358293978073394248e-01 2.089647671995988835e-03
2.057821068578808976e-01 1.032648351390989427e+00 1.870263426003977367e-02
1.996665676856750338e-01 9.920659161380034341e-01 1.618577659976111124e-02
7.246587912327271397e-01 -5.896147518296527279e-01 -1.624820301940286746e-02
-2.729548013706105114e-01 7.461581637704405301e-01 9.639525050746522786e-03
-2.383204241685813463e-01 9.806749180654550369e-01 1.468570920059072277e-02
-2.259748095564018955e-01 -1.008096874738338311e+00 -2.006011672172176158e-02
7.741373457736382413e-01 9.558738620021554055e-01 1.711988622930471146e-02
-2.526447466695005417e-01 1.623009539169721904e-01 -1.323495913702353241e-02
4.813298221362432017e-01 -9.862316150064841525e-01 -3.518265976509567239e-02
6.154292247541436334e-01 -1.016218876822956529e+00 -1.702449215124964346e-02
7.113498132134966623e-01 -8.097140437677295965e-01 1.399304865347061888e-02
4.592240684760635072e-01 -1.001577317818219015e+00 2.175638658215824778e-02
4.092044916035085245e-01 9.901898913641343780e-01 1.540543887891851656e-02
7.358788381783980537e-01 -7.068282594747288261e-02 3.864292775370051919e-02
7.112749858763248723e-01 -9.146241309099832906e-01 -1.965684055865720911e-02
7.297671391616562531e-01 -5.849657406266730586e-01 -7.987754555478926433e-03
6.399479991780665511e-01 9.929321898462766249e-01 -4.595130511066334439e-02
5.858524239053043425e-01 -9.912210605983560185e-01 8.824637967469000505e-03
-3.479776379831246713e-03 1.002422907683902187e+00 2.544712116216433020e-02
4.196847660062433816e-01 -9.799345061377625621e-01 -6.622632956042016211e-03
7.198366215122595779e-01 -6.261337717526522795e-01 6.780171372519762200e-04
-1.615782880869021804e-02 -1.034304310483382672e+00 1.006590759051921580e-02
2.869516793290884937e-01 1.032544317166184777e+00 7.067303372756848431e-03
7.323413848621329603e-01 3.633149255249264464e-01 -4.469098567619141094e-02
-1.411171816979460147e-01 -1.001315670168259953e+00 -3.865738668513590826e-02
5.903906076687887028e-02 -1.029137746697164291e+00 -9.076207361227836903e-03
-6.895038266290641482e-02 -9.955713572508335663e-01 6.092500920556799017e-03
7.001972645518032001e-01 5.366022441354728612e-01 1.399227090580027789e-02
5.646696998962101866e-01 1.004476711500678299e+00 3.539545311085233372e-03
4.003494865083220278e-01 9.642213418437475259e-01 1.483484628505615452e-02
3.915325206731451457e-01 -9.947900780577981772e-01 -2.020065727654379514e-02
5.674896839861516551e-02 9.913809539636063706e-01 1.156151228835627758e-02
-7.337852936362883327e-02 9.918102975594723647e-01 1.456560453315486857e-02
-2.663565950925282366e-01 -7.233325427443255684e-01 1.961680800352900295e-02
2.679850188028348179e-01 9.786411339963440037e-01 5.434710932766719481e-03
-2.852315047777256307e-01 9.017009675103866417e-01 4.260904776943367361e-02
7.417661268653640283e-01 9.136697102159706541e-01 9.554310942051105413e-03
-5.982220141966650140e-02 9.662628069447477541e-01 -1.584021476484365979e-03
9.908791410702685529e-03 -1.005629748233772158e+00 1.693664993943195737e-02
-2.670835230689480033e-01 -6.338409523881338714e-01 -7.798490575567523266e-03
7.321030765797539308e-01 -5.190354296996508854e-01 -2.694311274400004383e-02
-3.887461017709063077e-02 -1.012515472711589926e+00 5.422639800613333373e-03
7.088155899997509168e-01 -9.026145785483538075e-01 1.083260876177238700e-02
7.142103717390839712e-01 3.329313666594332921e-01 -1.640626572510246392e-02
7.024598627691416297e-01 -5.388836120476426794e-01 8.381835073405983355e-03
5.803062630779745046e-01 -9.822631915445584339e-01 1.598374952247416658e-02
-4.157450337484385611e-02 1.022501443574665547e+00 -8.334840199598370428e-03
-2.852959614412667877e-01 6.965995368804187571e-01 -9.540876429570329179e-03
-2.748981584651166155e-01 -1.173041949072569368e-01 1.419498690065991442e-02
3.455676053716522089e-01 -1.022447284621257113e+00 7.012922204327563108e-03
5.218434161926324144e-01 -9.926828868190541444e-01 -9.824150724157369730e-03
-2.389775201503702984e-01 -2.904432504731971898e-01 1.492934806991933448e-02
-2.607305123131017366e-01 -3.142607905746666042e-01 3.995201561447284111e-02
-2.650487180696179945e-01 2.359639021576140083e-01 -2.446346911729840173e-02
7.577697824464204590e-01 7.812155537700092856e-01 -2.921574662100074986e-03
7.518779298868030203e-01 1.005077257510646471e-01 1.936958675465913146e-02
3.238227827720259744e-01 -9.976112488752184593e-01 -1.603869054808100200e-02
7.029448334784529351e-01 -5.613476731006604714e-01 9.514787790915222448e-03
7.726078394350439638e-01 6.338512350364320369e-01 2.116293152975778566e-02
-2.718464759261326469e-01 4.190240671669457351e-01 1.312554933278536895e-02
7.217271104886686661e-01 3.112426450335590844e-01 4.029608466322317367e-02
-2.761183719914817591e-01 3.217109504434746414e-01 9.463268424680261817e-03
4.131335527719421363e-01 1.034539356908853014e+00 1.938633663181018457e-02
-2.386203711787015513e-01 -2.255037729892128417e-01 -1.036331010367861315e-02
6.762982127747305672e-01 1.002908524501896270e+00 2.268016159305621601e-02
-2.802261001362701953e-01 1.406766810349019126e-01 -3.682439035695792701e-03
-2.975603009433855917e-01 9.584768348276464511e-01 7.686088260195642584e-03
-2.828305677621426595e-01 -5.717303387425698435e-01 1.654142114813665979e-02
1.007558815260829466e-01 -1.003768298780906676e+00 1.323807924991193471e-02
7.315904930687017194e-01 -5.056062672702836824e-01 2.909211901016105911e-02
7.554822201121171865e-01 -4.793730465811659736e-01 -2.252931122649847601e-02
-2.742738669805967477e-01 2.816537278204546135e-01 -2.411213773949416974e-04
-3.018332544511062587e-01 3.382727476727212523e-01 -3.837717232692658149e-03
-2.808989000853021611e-01 4.090195933920522386e-01 -3.687081987960755345e-03
1.078028660081489787e-02 9.797767389853135889e-01 -1.758450137623705778e-02
7.425081087658910173e-01 8.296074790400635723e-02 -1.198910179340246900e-02
-2.709033761164170717e-01 6.012450490744281062e-01 -5.592163558588404519e-03
6.932726413691218115e-01 4.615236141319519203e-01 -2.537359755741439016e-02
7.193574146962091742e-01 -3.245139371771488812e-01 6.970126740603637544e-03
7.523399697535753106e-01 -6.136756305597435013e-01 1.473397876892337810e-02
-2.510234735097478520e-01 1.012590259965315376e+00 -1.435881843836188734e-02
6.387732760402848875e-01 -9.814195922126460747e-01 2.102657929690444905e-02
6.930416569169952634e-01 9.978388087860340372e-01 5.881216611508051362e-02
5.072082937248383327e-01 9.887586769937135589e-01 1.721568944664429507e-03
-2.519485543837959862e-01 -4.180475525592647346e-01 -1.495298279090773175e-02
-2.717611611706153840e-01 5.978581419433612876e-01 -5.543814540742991043e-02
3.156907255821095881e-01 -9.870810314476035074e-01 -5.297408500004666815e-02
7.120396773480907049e-01 4.590598709989710535e-01 -6.786052260073768827e-03
7.498954141465080658e-01 5.197993093924768715e-01 4.798419558521899685e-03
3.754148316343904335e-01 -1.003197389592449307e+00 1.255953180556605361e-02
-2.613839080925088876e-01 -1.449092492803676357e-01 -1.845468997386704108e-03
6.162791472076567523e-01 -9.869414127267754910e-01 -7.251771250622873755e-03
7.619461242133316325e-01 1.926753508680904836e-01 3.283344256417837048e-04
7.207687230441439663e-01 -3.087628865555093471e-02 1.573315001586869655e-02
-2.520072354736013209e-01 7.217928268195054065e-01 5.899739281681831704e-03
-1.210791447068077231e-01 1.019537926953654194e+00 -1.056179797327037873e-02
-2.954929063753599650e-01 -7.443231878004488156e-01 1.119923380783638053e-02
7.104693872335783311e-01 -1.450287527491077866e-01 -7.471140550766858582e-03
7.133495881538720607e-01 1.020270171806892501e+00 -3.735976724219216422e-02
-6.784978524760032492e-02 -9.617777055513896389e-01 -5.409105889031841190e-03
-2.217554436707767640e-01 -3.842868513105601735e-01 -3.885882966704402516e-03
-2.669574058493298097e-01 -4.952823092887033707e-01 -8.784741774895058267e-03
-2.898556032257308401e-01 1.583131592715682490e-01 -1.777137483855067979e-02
7.481562781312974808e-01 1.188737813333732435e-02 -3.544631226816912818e-03
-1.700585581795599488e-01 1.031877320132363662e+00 5.726434124513982973e-04
7.319834247034716634e-01 -9.163506248595404413e-01 6.557636391627417495e-03
7.266313778386342959e-01 3.268749095175302877e-01 1.577078741764409084e-02
7.142914865640125344e-01 8.591152231858415478e-01 2.557281563251739744e-03
2.429535569400789463e-01 9.808029585711811604e-01 -2.907657001956036151e-03
7.342736478457549953e-01 -1.841546686137867095e-01 1.354081300736460769e-02
-2.461661365727014217e-01 3.732240385626561241e-01 1.971774727008751560e-02
-2.802410523026181988e-01 1.222775981563743036e-01 3.708313754832809339e-02
7.841570418008300680e-02 -9.893726815523948837e-01 -7.771085689151962551e-03
-2.737373707309581072e-01 -1.312710772687888244e-02 -3.097902762895806891e-02
7.731204465234878809e-01 -5.758307495277312782e-01 4.188062792155821182e-03
-2.491930698878251915e-01 4.796867943673894241e-01 1.865777015566779870e-02
7.134205686611057029e-01 5.889748879775330570e-01 -4.614701721610839358e-03
-6.444053315339393073e-02 9.682765474258618887e-01 -2.058260227750626989e-02
-2.390084960678204584e-01 -9.407566203702701912e-01 5.082343040829682967e-03
-2.574697211892007509e-01 7.253253751528403459e-01 -2.172636058491162966e-02
-3.057783463970916715e-01 3.330368305150782637e-01 -5.473091059972119525e-03
5.324271602043672003e-01 9.557608318640880007e-01 1.481264081377652551e-02
3.836079772170292168e-01 9.898665128953816339e-01 1.360304417014923358e-03
2.504647832779036687e-01 1.020475370607953458e+00 -7.898264898363423908e-03
5.654962332872766062e-01 1.019856151043132764e+00 -2.193614127049830706e-03
7.286338617152509078e-01 -5.037820261144644318e-01 -3.141065987962760042e-02
6.708119605011462205e-01 -9.913278585637362861e-01 -5.453844453562868046e-03
-2.925515064538034560e-01 -1.240307901009840563e-01 -1.586526182000922575e-02
-2.686190434451602993e-01 8.367164625475380646e-01 2.796014660330055704e-02
4.241596037621995774e-01 1.029394889546947578e+00 -3.184588667672931045e-05
-1.064099893357426940e-01 -9.928576399330343305e-01 2.215817836929620185e-02
7.230776576239061892e-01 -8.764550051074512238e-01 -1.942504898337332059e-02
7.484380205946844500e-01 4.262988216790868368e-01 1.655769291135710669e-02
-2.391133067992202710e-01 -1.017029058430047206e+00 -1.373126005281365483e-02
7.767188093510529745e-01 1.003099136529936458e-01 9.581448884647071965e-03
7.088143418427387266e-01 -5.027693924034907225e-01 6.785656624896134990e-03
7.384656876195485609e-01 -3.542418632612099882e-01 2.029645699323764929e-02
7.232032327173143482e-01 3.918353836223293363e-01 -5.043708251210532456e-03
-2.248169988557295954e-02 -9.876842306300736007e-01 -4.730876020669301518e-03
7.741398599628072086e-01 -4.702031861620946662e-01 4.127502652096330660e-02
3.155047425322062282e-01 -9.899168530841491176e-01 2.018461647822786253e-02
1.507300195937624210e-01 -1.006601044867667882e+00 2.510897049599193978e-02
7.170777005536762561e-01 1.929131708255706623e-01 2.668483190601642682e-03
-1.363772126093615311e-01 1.040195209798654208e+00 -4.407708955667821553e-03
-2.605261608139003981e-01 3.147061808082143863e-01 2.788681406432856006e-03
-2.527876455467596012e-03 -1.036783321426863358e+00 -2.815376949378867177e-02
7.671369831256461547e-01 6.635240956122394618e-01 5.069130716478722522e-03
-3.979933467584194640e-01 1.095433926745275066e+00 5.917878712758423143e-02
7.743235559309726845e-01 -6.180044099604686814e-01 -7.597849254517413664e-02
-5.459095177909258911e-01 4.513512798278238591e-01 -8.623554229048924213e-03
-1.117397854038299165e+00 1.789722363046005960e+00 6.138718873605431003e-02
6.731609397589517485e-01 8.206588993043988367e-01 -4.989410337588971039e-02
-5.306482499278656340e-01 -1.905594548143309863e+00 -2.012555717377602360e-02
3.879000673179977543e-01 1.343852383165105024e+00 9.655627220059714855e-02
-1.204367714950683288e+00 6.402440397389952409e-02 7.874179792577964965e-02
-1.030043315656631542e+00 -2.010086298965647167e+00 3.970639848802834382e-02
1.131126801393441017e+00 -1.310438319551454178e+00 -3.253619730221597728e-02
-9.266894830707833597e-01 2.270181471498033510e+00 -2.007488565941080438e-02
7.725053344464511973e-01 -4.557384217213376054e-01 -3.051564214418434062e-03
1.271721966419315120e+00 1.615463198123813449e+00 1.720688312098528350e-02
9.625426113374611070e-01 6.044697243281902388e-01 -4.415772161287570552e-02
1.396250423767792181e+00 1.200017458213126886e+00 -1.962024634950473856e-02
8.220798127245707576e-01 -6.789915634348187012e-02 1.774529605785313269e-02
7.204464745000456194e-01 -2.458584567344505700e+00 -8.549876801661460135e-02
-1.138381857486337800e+00 -2.193431365474332040e+00 2.492716801179648001e-02
-6.747770581201184559e-01 -1.420331531438498329e+00 1.826494028274161519e-02
-1.004266495709109641e+00 1.557654957745590707e+00 1.732014375728334332e-02
