6.836982877649437906e-01 8.181702950887355108e-01 2.328553201209278625e-02
3.005812097159606955e-01 -9.964031439107056132e-01 -6.783373921584061111e-04
3.156607323767768869e-01 1.018072091088018771e+00 -4.160346975986829970e-04
-3.562225045203292195e-01 -1.029763220945894897e+00 -1.373946812287096808e-02
4.633655772868590650e-01 -9.842359977309778074e-01 6.056195990610722902e-04
6.315118703846680503e-01 -9.429123159535280907e-01 3.622711842537076204e-02
6.254212507017404832e-01 -3.259812205005749308e-01 2.962005941987086444e-02
6.212087359095985750e-01 9.377953659815706500e-01 -1.679545129914694970e-02
6.200747130851105293e-01 -8.908507008078276890e-01 -3.685218978730982892e-02
6.374676288913275757e-01 -5.012967477824552542e-01 -9.222089364288183974e-03
-3.760060304188908020e-01 9.654924950638165138e-01 4.828503773860717309e-03
2.818853762244381000e-01 1.004448315296765593e+00 1.668221210521728809e-02
5.721851233099538581e-01 -1.003979396549333103e+00 -5.758622770859129353e-02
-2.687325623068381741e-01 9.929844434493985128e-01 -3.814162192100258725e-02
-3.267262561056418282e-03 9.828751972813896121e-01 1.199829840568104010e-02
6.470173680291277929e-01 8.744753111913140808e-02 -1.064233412600227094e-02
3.148488225725545320e-01 -9.979065350078005769e-01 1.242246851283856229e-02
-3.622668422298532254e-01 -4.978976264524272444e-01 4.076085021058255958e-02
-2.755732817267760315e-01 1.043226437169032295e+00 3.241934196429721582e-02
5.994969968270326133e-01 8.958738807802305026e-02 1.117140350947430985e-02
-3.718185902218169026e-01 9.836041749390903588e-01 2.593176165940056649e-02
4.018040801049199695e-02 9.616695653207147920e-01 -2.431555102227586293e-02
6.259407151805239655e-01 8.768780880951078105e-01 2.477009643266956523e-02
1.408578541327790840e-02 -1.021732282528356350e+00 -1.107691686891027795e-02
6.432578150150678464e-01 4.350989607184083119e-01 1.940790229682378548e-02
6.458385417044015808e-01 3.188870150645355117e-02 2.144854356646357270e-03
-3.759100041749924292e-01 -9.899516247846912309e-01 -6.157996791942322266e-03
3.249767925204524038e-02 -9.949371799020036988e-01 2.040583286141873023e-02
1.445803561876824184e-01 1.033311455824083902e+00 3.653138780263693458e-02
-3.475871895280580604e-01 -1.667030435712565095e-01 3.341695682701655706e-02
4.111641682315876345e-01 -1.022558088287746081e+00 2.160822101959317414e-04
3.186210360849744960e-01 -9.851683293737065750e-01 6.555168962758126799e-03
-3.601275511714627786e-01 -3.113787740183964203e-01 9.236871436679226430e-03
6.127408081808545237e-01 -6.588937992196135518e-01 -3.503751215091679277e-02
-2.057027805896288197e-01 -9.751312650392093273e-01 2.282591376361811294e-02
-3.510713905350753006e-01 -1.424688493412940016e-01 3.207159088273488223e-02
1.895225218033241565e-01 1.012971584338926423e+00 -6.289264279309897399e-03
-3.029202152096100997e-01 -1.014400447938489824e+00 1.837236798725432746e-02
2.933542242857770654e-01 1.005245916522315319e+00 -1.722699265026959858e-02
5.922283385664328659e-01 6.932127952765307355e-02 2.492018643334701841e-02
-3.897952416127983821e-01 -8.176971166781058509e-01 3.827067509530016065e-02
1.372563514218289871e-01 -1.005898158015376298e+00 -5.215883764989027137e-03
-3.559350976330694083e-01 -8.473181708898320785e-01 -8.331263385793112944e-03
6.440043993759927421e-01 9.419202050308826957e-01 4.413771812920743234e-03
6.475360380370670521e-02 9.582092341354444542e-01 1.217888667606192507e-02
8.564204796187209479e-02 9.918539607954567350e-01 -1.295729395862853066e-02
-3.585540556746100171e-01 4.785628064906317647e-01 -2.890241377851816493e-02
-3.277528960890150334e-01 1.478152449716696182e-01 -5.411534307026478856e-03
5.836522981390107612e-01 -2.377729622767120743e-01 1.469628277169130956e-02
1.864058655878578566e-02 9.809729852436352981e-01 1.415464715314538290e-02
1.314652746068723788e-01 -1.001590124718481745e+00 -4.241309703532798389e-03
-3.252123892027613539e-01 1.004678720167837769e+00 -4.551568414093238625e-03
6.262323754624636862e-01 7.092782197896688734e-01 -3.186512862678768376e-02
4.742775948052802559e-01 -9.803182466694876362e-01 3.990050991035143033e-03
6.596298285304680320e-01 -6.763627835580350300e-01 -2.519152477470722531e-02
5.993366696629176538e-01 1.009654293399485869e+00 5.553296810709088503e-03
-2.714412340664170142e-01 -1.009568316466462390e+00 -3.010966224831650509e-02
6.224986758917159246e-01 5.303634363358457060e-01 5.335479885183564211e-03
-3.475988866154217649e-01 -6.599312854879931800e-01 -2.197649463799590530e-02
6.103965045194690298e-01 -9.579715953542069506e-01 2.439376895829871439e-02
-3.603284012598982899e-01 -9.794796455116632217e-01 1.679131053719731467e-02
-1.482387318263752862e-01 9.854372953929857459e-01 -8.417752877042125690e-04
2.893333091832868131e-01 1.012953149026336819e+00 -1.233911304463497461e-03
3.984487240778868400e-01 -9.580932946349086654e-01 8.315249222187607106e-03
6.138829909242881078e-01 1.265663316747580314e-01 3.988263303594840464e-02
6.140515747705080907e-01 8.396910318264371176e-01 -1.892230450219413787e-02
-3.672794247795584388e-01 7.580030759128570939e-01 2.099132142960422748e-02
6.354923857974925649e-01 -8.067232780381736745e-01 -1.208590498819500474e-02
-3.467105449614970580e-01 -3.101179083613797571e-01 1.238263007800126901e-02
3.922914080392658209e-01 1.013272633635754927e+00 -1.114146177868904387e-02
1.857239698310099441e-01 9.552880090791179279e-01 -1.582307378221320393e-02
-4.018154102843286002e-01 -4.647082725592778241e-01 2.270414035452574322e-02
-3.245289422217011999e-01 -9.848863638724001390e-01 -6.911523514221640241e-03
-4.004360425159224635e-01 3.619229966966666656e-02 -2.656899557511689311e-02
-6.109732207187583419e-02 -1.023367706633468099e+00 1.140021575167511798e-02
6.364994667128044403e-01 1.452152419183048160e-01 1.256211850933403908e-02
2.221339382899386872e-01 1.029818275522236704e+00 8.638188993693743378e-03
-3.680415852296514134e-01 9.257744681770145867e-01 2.099110785048242944e-02
3.623811714274975948e-01 -9.934156734253756227e-01 3.158746192537907616e-02
5.962562913577005297e-01 2.803936804294338003e-01 -5.932958439672850540e-03
4.580258937536426100e-01 1.023188040757766037e+00 -3.941678367685733098e-02
6.415405178790769547e-01 1.038805153150419575e-01 7.058255302830915984e-03
5.944570839463211298e-01 6.923528093571569564e-02 1.462087676734380622e-02
-3.570271315641859178e-01 5.342301136215328317e-01 -8.581582705622063309e-03
-3.877231124949741536e-01 2.630937727921640046e-01 1.256196805531884127e-02
1.563402049290650853e-01 -9.928062933468645435e-01 5.628887658887577264e-03
5.452958900101013695e-01 9.692926979262391773e-01 -3.814761787205718513e-02
-3.701930983296109479e-01 1.450496219712111567e-01 -4.703100177231710199e-02
3.648930154230686784e-01 1.001714100138120234e+00 7.508568065842055085e-03
-2.301714317552412403e-01 1.030658596006253536e+00 -3.316887414987961229e-03
-8.767501175249378664e-02 -1.000831520101303607e+00 3.321576643757682707e-03
1.508679543105957699e-01 -9.775963880383140570e-01 -1.437458428720488068e-02
6.363292319755707860e-01 -2.026276496365251312e-01 -6.311612869290732578e-03
-2.793601580191014053e-02 1.001323883499468437e+00 3.186837453934993070e-02
6.259168880845124017e-01 4.148796595493577100e-02 6.856680750471645311e-03
-1.862733532056300989e-01 -1.013750919891905466e+00 -1.993774107278056471e-02
-3.478533994603414947e-01 6.288229377637339912e-01 -2.363594957621358364e-02
-2.043204345094062901e-01 -9.880318507675417417e-01 1.374907202375224950e-02
4.713053494249309083e-01 -1.014347323200775364e+00 -4.306012073593518986e-03
1.174871729331124492e-01 -9.755333058028061721e-01 -2.763018479218054546e-02
9.763681403573735984e-02 1.008681798682896869e+00 -2.026732264936538519e-02
6.218388615876685455e-01 9.306575288589199468e-01 -1.667986426629998464e-03
3.624514140486218006e-01 1.001781008094176251e+00 -8.523378240089593896e-03
4.214977693269421344e-02 1.022653986734965104e+00 -9.704519756608241329e-03
2.792854603768294419e-01 -1.009187820799511748e+00 -2.186721196126669223e-02
5.921848043801765105e-01 -9.029105870454235960e-01 5.314445473304084400e-03
6.014494896572063487e-01 1.523081604075768591e-01 2.493850879096488546e-02
5.733161181877737267e-01 1.001051238807491695e+00 -3.714619234854008023e-02
6.533291078376972649e-01 -3.798245653465523453e-02 4.278111024262884476e-03
5.643337436680365693e-01 1.026526466739642318e+00 7.176593212794603327e-03
-3.752217097041372629e-01 1.679408646506971026e-01 -4.172323338078195130e-05
2.735442163937912841e-01 -9.928876270436453044e-01 5.570243435399901966e-02
-3.826813989941025840e-01 7.258899993894016855e-01 9.327112671330880025e-03
2.793407285359738035e-01 -1.004063472090738207e+00 2.495316893520324250e-02
-3.579797022607045243e-01 -9.778269316386021259e-01 1.562921104709293768e-02
-2.926411991879843688e-01 9.858762028024544710e-01 3.711085256347757683e-02
5.602914716433230469e-01 1.012851767822513960e+00 5.522257641753316321e-03
3.949040689621362010e-01 -1.023628291071742913e+00 1.580723201965249930e-02
-3.802877787380080643e-01 -7.983536525640636539e-01 -9.816411609235334637e-03
-2.793686383014850616e-01 1.001410600419859076e+00 -2.490635101547566260e-02
6.728676347685091930e-01 8.895575445383487878e-01 3.998804378555470551e-02
-3.753353235990682379e-01 1.803087864875480006e-01 1.072474345275460476e-03
6.225427079008708509e-01 -6.587712379704779853e-02 1.816663650686120568e-02
-3.893212527399352307e-01 1.013898968062378003e+00 8.080306855645102287e-03
4.325055824421663586e-01 1.009399004149119650e+00 9.538761547648157493e-03
6.215158508275754334e-01 4.838452801482117094e-01 -1.309804157252025120e-02
-3.593641367189807090e-01 9.727273709634947085e-01 6.935951348209712375e-02
-3.551643848802141790e-01 6.546646622871133969e-01 1.615724073020302284e-02
-3.912890365707992757e-01 -3.707959672232650772e-01 -3.413668994238477222e-02
-1.523613197469617098e-01 1.015632473593170548e+00 1.261947791649869165e-02
5.965094443141196745e-01 3.874055734574730764e-02 -2.906030063783869577e-02
-3.700214616293981962e-01 3.660187894305115264e-01 2.267326490296215497e-02
3.911472117077129385e-01 -9.952884527159344685e-01 9.887347668550936289e-03
1.041657604456834307e-01 -1.003333442682764476e+00 -4.382107539141881850e-03
5.748614461329452086e-01 9.769528193710202979e-01 8.683320681526288110e-03
1.846088571196304040e-01 1.016108587770581329e+00 -1.640800958376802815e-02
5.851703821534270933e-01 1.013964680074944530e-01 2.399663910450562307e-02
-2.701874638710345389e-01 9.586916552190563046e-01 1.614395255830386455e-02
-3.924738333941846236e-01 6.363893957942899915e-01 -8.026042198672504388e-03
-3.576916984728429338e-01 4.382474026442316206e-01 1.428360179691038831e-02
5.800708844639488326e-01 1.004321199326950076e+00 -1.348452932980133585e-02
6.335452943020604133e-01 1.806349888234505263e-01 -1.063921168400639751e-02
4.483711022406020041e-02 1.038351579557241111e+00 1.990799791212004288e-02
-2.111506920309914326e-01 1.023205925900160906e+00 -5.755678192030081256e-03
1.876944803735205169e-01 9.851046426572275250e-01 7.402296167389326191e-04
4.513918125692581995e-01 1.025392666247122664e+00 1.768762064894526323e-02
2.310873893488072373e-01 9.996241490707287181e-01 6.949434690446807360e-03
3.285741874638198334e-01 -1.011089626406791009e+00 3.688653668203128316e-03
-3.696418453947181715e-01 -6.495868839451881538e-01 -1.939093458384374621e-02
6.203751065687252986e-01 -4.803947598759687465e-01 -2.838892203626732294e-02
5.338946678027139958e-02 -1.028859637216680945e+00 1.517719970255316901e-03
6.293484271766760507e-01 -9.813973583518352806e-01 2.154840790925137070e-02
6.669355857003760324e-01 -3.476783026109429575e-01 -3.840208235064890979e-02
-1.302655047417932421e-01 -9.895207965540618877e-01 3.163177317098720548e-02
3.106717869157550327e-01 1.012323936425807425e+00 2.413356450501621606e-02
-3.999097845393996820e-01 7.327275537276088935e-01 -2.307116522497686117e-02
-3.990153994841190155e-01 6.998144964710786287e-01 -4.898231633114221925e-03
-2.133521961360816122e-01 -1.022761845953175319e+00 -2.778180915496727250e-04
5.194240270633070367e-01 1.001054851446864236e+00 1.934507915603742717e-02
-3.486407112476991310e-01 6.191950200428458784e-01 3.900094939969210583e-02
3.546488930289895536e-01 -1.020869864323583176e+00 -3.577287923582149476e-02
6.093304249938720218e-01 -5.698052507737473293e-01 -2.327107231096508730e-02
6.383503541457105079e-01 -3.354413846035576852e-02 9.063704964005705892e-04
-3.545940627048232985e-01 9.388226350174320167e-01 1.922815998035558652e-02
6.111718042245312121e-01 8.749611565904508170e-01 -1.150348344245799397e-02
-1.107203042570582135e-01 9.440628889801037094e-01 -8.843892415740529575e-03
-3.767772144376489996e-01 9.645361733418746919e-01 7.796192272920669103e-03
2.238646242076446358e-01 9.952373754091654590e-01 1.637546494933246263e-02
6.315150548800021468e-01 -2.751215627807606090e-01 1.328236808392231454e-02
6.663726524412105778e-01 6.012904230872284650e-01 5.011396303567522241e-03
-3.718893487136921694e-01 1.722752090593765995e-01 2.211681538192708171e-02
2.062381794983374483e-01 -1.000014773514911859e+00 -2.329997729514924135e-02
6.226857151985303318e-01 8.006861056626398687e-01 -4.735206624601448304e-03
-3.488395492769945649e-01 -8.430817482687313902e-01 6.692750413332719528e-03
6.230276613292288213e-01 2.203387550094700331e-01 2.887779886657964104e-02
6.473472808805643686e-01 -9.534910859882615997e-01 3.231837319027390520e-02
-3.764949354872383913e-01 2.506623314601414965e-01 -8.091127476733543308e-03
-6.366462758025494273e-02 9.908555110978798375e-01 -3.058636917638214714e-02
6.079880875853063138e-01 6.604091203207251848e-01 1.452475379198417058e-02
6.526815136739919643e-01 -9.742748429604928262e-01 -1.753595297867002745e-02
2.506419325179231605e-01 1.035840970588906229e+00 3.221267452847684145e-03
6.213126858006616793e-01 -9.794443453827763602e-01 -1.843541751785070931e-02
-3.736648946987766728e-01 -1.390386541917865981e-01 3.761099201999578562e-02
-1.547916239319968752e-02 1.004016705176783208e+00 2.169142690008840982e-02
1.914573107302934285e-01 -9.997119367190889783e-01 5.286199407988820785e-03
6.318936385623030727e-01 9.897580815620010686e-01 1.990483177349777061e-02
-3.503186091637829347e-01 -1.053379385217253494e+00 1.303234092389709414e-02
-1.504098784648684739e-01 1.012571640694799546e+00 -3.100293957733341738e-02
3.221826349224619634e-01 1.029708948239953292e+00 1.987510504066841363e-02
5.968133529331773879e-01 4.377279495354065020e-01 -1.253855964480897998e-02
7.242501438030009286e-02 -1.018320712307638098e+00 2.477621908588426448e-03
3.543324647820936257e-03 1.003773209841257952e+00 5.383693585137590450e-03
-2.011393936966997531e-01 9.909810639867856485e-01 4.291515465579451814e-04
6.324511795364151645e-01 -9.534404650487570132e-01 -4.950043131281009479e-02
3.231371915029769282e-01 -1.029390225719634788e+00 -2.844320644217039964e-03
-3.403196454312368835e-01 4.337458769607695497e-01 -2.579622408397005268e-02
-3.708216349090106556e-01 -8.995077357288933095e-01 -5.561001367759493092e-04
6.295629166360257045e-01 -7.045180623781175377e-01 7.218502023734819570e-03
2.873162213532982623e-01 1.022279510668091529e+00 -2.645250090994078276e-02
5.882796421439451251e-01 -4.211503831650723062e-01 1.488640467737113553e-02
-6.869832975579239775e-01 -2.775469676503823813e+00 9.411810762335612313e-02
-6.899404313678950684e-01 2.110853765275349403e+00 -2.463989374322489434e-03
1.118897055170212429e+00 -1.648677840457128951e-01 6.641874351548615607e-03
-5.265618542729942897e-01 2.959751227169737930e+00 4.984093129256642052e-02
-5.826643208839089594e-01 -1.538726248611742564e+00 2.468438063596740950e-02
9.314748370779635245e-01 4.956550077297285917e-01 4.918643737104083646e-02
-4.535683699086296983e-01 1.241736687772549530e+00 6.816541600678963087e-02
1.801545442650853701e-01 -1.432494379812748519e+00 7.021336730777957835e-02
-1.321581543842378359e+00 9.783560160788922211e-01 9.322488306127951763e-02
1.243341188899881544e+00 -2.562481911300611870e+00 -1.814623061355431777e-02
-1.278070733978840412e+00 9.713742907178590791e-01 -3.261932569783512759e-02
-7.097617993945649628e-01 -2.270574337113946406e+00 -5.308212486597355118e-02
-1.240534843891703876e+00 2.313631304290608703e-01 -5.650147072097502776e-03
-9.203280700154600202e-01 9.632764477041448892e-01 1.925699265268654425e-02
-4.332426708920295022e-01 -1.134854604764603536e+00 4.098334784279261678e-02
-1.285730993517066878e-01 9.342726468930888650e-01 7.612043253621822436e-02
-4.194789461890459092e-01 1.462817692615144161e+00 -9.593346434837897452e-02
1.227475206281849918e+00 2.655866676951165850e+00 9.411626345846621500e-03
1.033394199427828397e-03 -7.349923400146280983e-01 1.838515476409202654e-03
-4.779787115185700763e-01 -1.641790028430021309e+00 -9.389370153710244193e-02
