-4.815857852905546799e-01 -3.974130607994217912e-01 2.219979989958144675e-02
-2.947288293392298364e-01 9.882468689107023474e-01 -1.561600592803052967e-02
5.328089571586538398e-01 7.175750400958387232e-01 -7.553490200666068992e-04
1.858483848250468973e-01 -9.804999975956041336e-01 4.908278262529570425e-03
5.554173291136097479e-01 -6.038079488516262527e-01 1.584849154415067518e-02
-4.743683705925498262e-01 3.723076490356111989e-01 4.202745887758575771e-03
5.539537546768075194e-01 8.989736609460640127e-01 9.290795469882774313e-03
5.522171199636450867e-01 -4.536082669212468943e-01 -9.770643477431397664e-04
5.649078150389610364e-01 2.742889698490878492e-01 -9.768882489917233083e-03
-4.749321412094902328e-01 -7.469612071385670626e-01 -4.524322944463299561e-04
2.181553063154636762e-01 1.022076992156460529e+00 -1.535641549883364453e-02
5.079681955384598435e-01 -7.093981508980977679e-01 5.170487111003773534e-03
-4.606108566340951782e-01 -6.788261101426904531e-01 2.045948218584935085e-02
3.444081740014396514e-02 -9.948670421413747800e-01 -1.545082381605890516e-02
1.633021362567996793e-01 -1.028206153816565438e+00 -2.193713642950297516e-03
-3.823667180451515990e-01 9.954480286858675697e-01 2.941936517410866786e-02
5.002643372247754794e-01 -9.926208501515861871e-01 -4.012947550938532858e-03
-4.310823334503961490e-01 -1.595742080901429438e-01 -1.302403565430765818e-02
1.781220181737230290e-01 -1.012000370005037952e+00 8.923420746334299533e-03
-4.659933938028487099e-01 8.775127035569117717e-02 2.999350660700107491e-03
-4.512714408277621603e-01 -1.669820825475035186e-01 1.875500185058434285e-02
-4.670924738446975977e-01 1.008660371209860296e+00 -1.317133074350721952e-02
-4.510198014558801649e-01 -9.229758869809645550e-01 -2.811441857913586292e-02
5.444496641833999062e-01 1.049074998406798187e-01 -1.203460908742545743e-02
5.387285904165446393e-01 -4.257797061374944958e-01 -3.221467322914025461e-02
1.887908428695393714e-01 9.831694425215824484e-01 -3.143422372197843956e-02
5.479449727354238631e-01 5.116875045237747610e-01 4.678184008808987382e-02
5.514103887555060757e-01 -5.616441370318060733e-03 -1.218193704563439415e-02
5.376019219846225328e-01 9.937106333423768589e-01 6.492212320727533750e-03
-4.688976842424624203e-01 -4.686464795083745138e-01 1.122302308575091889e-02
2.533740129118593198e-02 9.916037678691242974e-01 1.668957475386728673e-02
-4.114608724517720417e-01 -1.018538159689552858e+00 -1.010868204313644832e-02
-4.939436123667420575e-01 -6.226422154119912733e-01 -3.222657610375782161e-02
-4.705404034887069042e-01 5.869160555021559755e-01 2.910640386100260893e-02
-4.381486952081344310e-01 1.781005852353835239e-01 1.220177911310299165e-03
-4.144100655646022480e-01 2.907900136649080314e-01 -1.484446554149089189e-03
5.238245270855450553e-01 -5.536052777253037682e-01 -3.141885015331179198e-02
2.323998710987978666e-01 1.006424952382519278e+00 -8.730875309828529940e-03
-7.991029363152406251e-02 9.850386052436366224e-01 4.134871864056383073e-02
-4.004891014592462106e-01 1.004150065457522389e+00 -1.511112070078463043e-02
1.711927350950498972e-01 9.918219255851661309e-01 1.304630419450598759e-02
-4.607272433688398006e-01 -2.859236294724887273e-01 -1.219590222888720758e-02
3.464042670892486520e-01 -1.004550879774466665e+00 3.100440814403216186e-02
3.703334214459239049e-01 -1.038052680280325157e+00 1.257606842303083013e-02
5.906961672565830962e-02 -1.018033517011385669e+00 -1.405293697608479830e-02
4.662459802463824188e-01 -1.046353623764133101e+00 -2.980036183606062355e-03
5.533089366356890304e-01 -8.601673038400196036e-01 4.118595444517397027e-05
-4.640742320568155832e-01 -9.477306488463828338e-02 3.649251026919301394e-02
5.425581246594541884e-01 2.087842139719897627e-01 1.792699876629661598e-02
5.852262128073592029e-01 -1.363483898972599750e-01 -1.424323230538418125e-02
5.892430386156600752e-01 4.734212641346615125e-01 1.128596398553023163e-02
5.427785667482485366e-01 9.033749770786915212e-01 -2.019997529386109714e-02
5.390581446270785726e-01 9.544542882588751276e-01 2.649364574627428078e-03
5.432663440312626157e-01 -2.665625752713360330e-01 -1.694090403493715095e-03
-4.322305099025258723e-01 -9.904173568352832024e-01 1.580082259333431480e-02
-4.601374666481347631e-01 6.685764227888414402e-01 -1.695632184617330493e-02
-3.049820619698679347e-01 9.903759884653172696e-01 1.005564510116336609e-02
4.123655615073386072e-01 -1.031332462909077430e+00 2.763607695833401271e-03
5.255548227302437869e-01 -6.605741385926558462e-02 1.907296428231548260e-03
5.512437045640237177e-01 -3.027898512900170092e-01 2.330423891454938209e-02
5.202807348768820894e-01 -5.489860227591041308e-01 1.173019661998689345e-02
-4.603858639555073462e-01 -9.400429382805070011e-01 -1.946654590727935757e-02
5.330552391077278962e-01 2.465740281398408063e-01 -1.423682121432348971e-02
-2.382404494791416638e-01 -9.584763148806231259e-01 -3.922952754660227054e-03
1.037039711648690687e-01 9.764618790332469933e-01 4.679556768438736247e-02
1.358440410816894872e-01 -1.036176500070852713e+00 6.207332800021315555e-04
-4.171742126972510789e-01 9.983965263636903620e-01 1.434564443048111544e-02
5.233450065597970990e-01 -4.189310292722521201e-01 -2.106258391622216342e-02
5.640451150522548529e-01 9.268170656255535489e-01 -2.819354186067060241e-03
2.070615062699091014e-01 9.568624407736092685e-01 -3.031731014778792088e-02
4.368463386354960454e-01 1.010703602252429167e+00 -2.307943371792130216e-02
-2.707601077848648674e-01 -1.007942918019864242e+00 1.748208304307236321e-03
-1.233352749971676487e-02 9.897407865956963091e-01 -2.613185602705753868e-03
-4.768504393054861512e-01 5.990301976622921520e-01 -2.122290178696772597e-02
-4.443482257840885574e-01 -2.353117549944774012e-01 3.270317118460672190e-02
-4.885239348420791772e-01 -6.809969694274002894e-01 2.425754409403035883e-02
-2.173564055746738527e-02 -1.018161207697316106e+00 2.656916332654570348e-02
3.034082337454619971e-01 1.008063571035799910e+00 3.623845610522979498e-03
-4.591882712537797007e-01 -1.270935900170732102e-01 -1.022190147877251537e-03
-5.001158149940586606e-01 -3.372404370444286315e-01 -3.652631266539627802e-02
-3.183627740899582781e-01 -9.787236161998549289e-01 3.261245459887674586e-02
-4.400089047404248110e-01 7.411849540210730947e-01 6.757982799821275234e-03
5.468814162178420313e-01 5.417662249447814382e-01 1.032423631329051385e-02
1.344296545674222298e-01 1.029348100241426200e+00 -1.644752449072446306e-03
-3.722730819070500519e-01 1.007219780130953479e+00 4.638122080314771925e-03
-2.080241107032184122e-01 -1.020546300305369192e+00 -1.305493725203518696e-02
5.260085457070572401e-01 2.395194464620059027e-01 -4.563337838521312924e-03
-4.654320835034624904e-01 -9.915433297128308787e-01 3.140158079519176498e-02
-8.465933103612599542e-02 1.005592510232760972e+00 3.897040313922134000e-03
5.059730238329511742e-01 -1.002017362084645979e+00 6.229662772472436237e-03
-4.362727740390037745e-01 -9.918802333236437230e-01 -5.950071424531039321e-02
-4.647123541741967623e-01 8.409704828553116185e-01 -1.230337164622023402e-02
-2.002510461761179972e-01 1.010823743168544508e+00 -1.211547338429284047e-02
-2.474858595739722333e-01 -1.005522315028539726e+00 2.227406545091907292e-03
3.301944960767549953e-01 -1.006889410948458963e+00 4.384977230393992398e-02
6.027609255408101774e-01 -8.855355134464331091e-01 6.938157672521738737e-04
2.262382909124581176e-01 -1.031785118731435746e+00 2.219527555297868410e-02
-4.550395431652041189e-01 4.481155602421149631e-01 8.158073349420856893e-03
-4.772804032005342201e-01 3.379830827338173305e-01 -2.804429469927157900e-02
4.050780681036184605e-01 -9.904808051526362567e-01 3.546628755710041873e-03
-2.335344606676470827e-02 1.015279664663010006e+00 9.510535080901213979e-04
4.463827609250216599e-01 9.539299461358069498e-01 2.796207879914366229e-02
4.292660069300358594e-01 -1.000623244955569424e+00 4.569394287659720756e-03
-4.552787666928948540e-01 -4.612640987161060191e-01 -2.610856754886774992e-03
4.922486322137371029e-01 1.883820362993390285e-01 4.582401598662884379e-02
5.721282792309471121e-01 4.300072869405764386e-01 5.943442790213510248e-03
5.059986667380039771e-01 -8.842462802415278489e-01 -1.034436290823551909e-02
9.496384010801553477e-02 -9.808226566978284211e-01 -1.200675958550363916e-02
4.334339849550644663e-03 1.004053106929964523e+00 3.413164000279644145e-02
-4.832897823090074318e-01 -4.996966634284404352e-01 7.973403331679250472e-03
5.410438131559230923e-01 -4.984294033616359226e-02 5.296562758176630466e-05
5.201993038642295231e-01 -1.465076783708915142e-01 3.718885161554193186e-02
-4.455907344055357600e-01 -9.950618713921617342e-01 1.403155971598343344e-03
1.344792203908251049e-01 -1.024995723608434384e+00 -3.629756075470623455e-02
5.402726836677118616e-01 2.763660417475687081e-02 -2.328233134840268156e-02
-4.228053363426851896e-01 9.746063310364276866e-01 -2.472267133544154422e-02
1.219102953032932118e-01 9.724867169650798226e-01 6.304951811214543067e-03
-3.128404373409080508e-01 -1.018233418621947939e+00 1.143300576861728222e-02
5.768401170482122531e-01 9.947428440322009235e-01 -6.850095807060478659e-02
-4.633756158029138095e-01 -6.405650019684197005e-01 1.355598390306064771e-03
5.488115737798874294e-01 9.127190282404996635e-01 1.231586121972915067e-03
-9.727686312317501693e-02 9.883733922801485328e-01 9.105235177471611777e-03
2.796263074023188633e-01 9.945990152669733630e-01 1.259585193021410011e-02
5.199439601548782042e-01 -6.231216995326781527e-01 1.876430380634403969e-02
-1.531639686010890233e-01 -1.000461955983948492e+00 1.229951446087939292e-02
5.427759302775445605e-01 -5.125470320936833524e-01 -2.774344162959833937e-02
5.530137224190132539e-01 -6.187445658403430970e-01 -1.050785997824210454e-03
-4.536436449715288699e-01 3.694083498658365383e-01 -8.086139672235743633e-03
2.080816862236588294e-01 9.664224417156788149e-01 1.084315081230356748e-02
5.393081968955074634e-01 8.759460097071897211e-01 2.526894045981060294e-02
2.091680853301894072e-01 -1.023719734696457051e+00 -1.573869507634725884e-02
-4.756529042885659919e-01 7.408774452139238464e-01 3.183001813688445675e-02
-3.331731249899014258e-01 1.005350119166331879e+00 -1.436658515099769814e-02
-4.561543746698150104e-01 -6.263811462822762577e-01 8.807588180980742421e-03
5.370294451067335606e-01 -8.036640729278199391e-01 -1.672448695379050165e-02
5.669700188262837282e-01 1.548740990693872888e-01 -2.182749276264531191e-02
4.135924736187039652e-02 9.803450988231267038e-01 4.338920465933093079e-02
-1.394573123039821727e-01 -1.014019327321235231e+00 4.256013929709229530e-04
-4.328691837000023801e-01 -1.003219580856582027e+00 -3.139392844283511730e-02
-4.368599379170428620e-01 3.898293627779542692e-01 -1.160495155120975022e-02
5.263295224595436750e-01 -1.233058679742324026e-01 -1.025626586514421720e-02
-2.415675272218614084e-02 -9.952764826507521922e-01 -1.549604702491336021e-02
-3.289330452977533986e-02 -9.977405817426048262e-01 5.614174540116367851e-03
5.601934479597562300e-01 -4.332661149216918139e-01 3.044164813822801061e-03
3.717369393558581647e-01 -1.006476317364929152e+00 -1.560999375841629067e-02
3.124298937184751823e-01 9.598522709220138616e-01 8.083347234582927143e-03
5.858175338666887777e-01 -3.403805086811714786e-01 -6.376785589270851130e-03
1.412008908393109496e-01 -1.010542737503871802e+00 6.461357968288341906e-03
-4.424835592185507038e-01 6.401728842116978235e-01 -1.718217938154769329e-03
-4.618579527430634601e-01 4.848691133378154050e-01 -2.149157360678985093e-02
5.239716471020425814e-01 5.616992586981879587e-02 -9.964048964395590818e-03
1.406326945995721167e-01 -1.053555194989703958e+00 -2.316835330011323899e-02
2.772936155144689052e-01 -9.977440138681301640e-01 -4.872794590687915851e-03
3.296551311172279397e-01 -9.546385683786448029e-01 1.460146739432157531e-02
3.555086740400137391e-02 -1.001089944512725927e+00 -3.586328700758571048e-02
4.442694953134591063e-01 -9.904704290573898007e-01 1.906744272133027718e-02
-4.283479436187029865e-01 8.050568595545862238e-02 4.164241954533039192e-02
3.813012016042856556e-01 9.735493575317724080e-01 -2.375779383819745863e-02
4.193312423626696650e-01 -9.988142081537988437e-01 -8.257070224936676958e-03
4.244707868203704271e-01 1.029145525936555616e+00 9.018938372983918705e-03
-4.488211314337315350e-01 8.187179778948646680e-01 4.355533815784745286e-04
5.604966522773184856e-01 6.131364048331940098e-02 5.643749254093055612e-03
1.126198628459390838e-01 -1.000914726713276082e+00 -3.101629817893331378e-02
3.363134602032475939e-01 -9.628890954468685148e-01 3.312532750386718017e-02
-3.384047595136696063e-01 1.012423487004336486e+00 -1.035851215429675967e-02
-4.863490349231275323e-01 -9.820497153024575487e-01 -1.318208242418149150e-02
5.432259933545461328e-01 -5.924132993598516528e-01 2.411714057918067089e-02
5.114809580560977231e-01 8.772551581867226167e-01 1.938759092740764342e-02
-6.897811320795041445e-02 -9.892772381941643545e-01 -1.323017258547765085e-02
4.004977163214359925e-01 1.003236569369416742e+00 2.246573351220109219e-02
5.574152530064840905e-01 -8.701006694661530538e-01 -2.538243187387425118e-02
5.024356381954167006e-01 -9.714704111730182445e-01 6.560440535600449256e-03
-4.751540230621985605e-01 7.729701183269540588e-01 -2.213269519564089668e-02
3.644639490634344892e-01 9.956391268297744013e-01 2.594160371523864667e-02
-4.278789826309333244e-01 2.885573287998634551e-01 -1.229921734010202064e-02
3.126341374727115152e-01 9.819002571689349201e-01 -2.745756057001882619e-02
-3.550749555794470158e-01 -9.994879869229740255e-01 -3.267456007605766544e-02
-7.849102669890317685e-02 -9.583707581522650232e-01 -2.414733754958280586e-04
5.635245153584673705e-01 -6.096488368690077264e-01 1.309262532761404016e-02
5.615583429006818506e-01 -2.955877337032413732e-01 -9.951486317689011221e-03
-4.372393373826589102e-01 -2.419217668415028777e-01 -1.772489564539069060e-03
5.634497591949200190e-01 2.759775034557720441e-01 -3.595959550139934263e-02
-4.505233331168590483e-01 -4.587670364526610922e-01 -2.193232721430980400e-02
-4.337986864842762191e-01 9.049418982101196107e-01 3.555840112198108659e-03
5.735191793301601670e-01 -1.242664957877859071e-02 1.747667494530097919e-03
-3.920305983995002463e-02 -1.007442644568929513e+00 3.310017523263219380e-02
5.447514287222848806e-01 -5.705432497787151780e-01 -6.014137155334357832e-02
-2.216206392997895347e-01 1.030962575236881396e+00 -4.295538731737719683e-03
3.827631228059325541e-01 -9.930905246973829037e-01 -2.276675230685588913e-02
5.647148041114075090e-01 -7.201040958442770368e-01 -1.111075102729602816e-03
4.235433798915702597e-02 -1.016723399720779408e+00 -1.818938525179496224e-02
-4.071921860043035690e-01 -1.001937270135317748e+00 4.293398674340117085e-03
5.469197365750544382e-01 6.714374897897691374e-01 1.161575115877790283e-02
3.989307883483574346e-01 9.944840131608748690e-01 1.407267571288722818e-02
-4.027150658208827894e-01 9.884918505166347957e-01 -1.958184493976893037e-02
-1.459686437919527624e-01 1.018133047055182372e+00 3.948635796138490195e-02
4.779209132920449465e-01 1.020260504106648369e+00 -2.015905412980445802e-02
-4.284680317035374220e-01 -9.631720180353342542e-01 -1.154325392502452384e-02
5.329916326407598826e-01 8.076536960002881349e-01 9.047226318463117214e-03
4.682690050499739853e-01 1.009195336885349681e+00 1.433335632927468239e-02
2.572654188518084251e-01 -8.070338864728254791e-01 -1.204937780156925542e-02
-1.319992337596336718e+00 3.088708944895230957e-01 -1.838515716555746971e-02
-6.661612023794865056e-01 -2.755391011714757532e+00 -2.955314593830780934e-02
8.128396130695048072e-03 5.992045678584752011e-01 -3.495742354108873073e-02
-8.339399136253141664e-01 5.611146803035467201e-01 5.830698829395797311e-03
9.936252034105383935e-01 -7.708749846972144937e-01 -7.602688043480809732e-02
-3.695111480416102268e-02 1.114667301364860030e+00 -2.519350611736115297e-02
-1.382171685944849848e+00 -5.652623216540026974e-01 5.372738898157175536e-02
-4.558166751248688975e-01 1.363892203814022430e+00 -6.552368299319949463e-02
-1.323059687723863176e+00 2.295459109269330611e+00 -7.507203656137824421e-02
5.636449284777866886e-01 -8.872413033479391586e-01 4.574555951657829911e-03
1.412529041748325831e+00 -5.377992609553805536e-02 -7.392541030760735321e-02
6.226692384541232528e-02 5.062885188948116344e-01 2.845388195466475034e-02
1.496115138171744796e+00 -1.963523241647935791e+00 2.027592000636366243e-02
1.429343163653055804e+00 -1.751431026826067328e+00 -7.942595800643742487e-03
-7.729202405712837232e-01 1.925743317860866277e+00 9.586786925555151884e-02
5.219047643427225935e-01 3.137327820186524008e-01 9.562508867960947678e-02
6.038137223785207119e-01 -1.185629310398360392e+00 3.921207084163122469e-02
8.096985992944998323e-01 8.623807298982386627e-01 3.849082750774501793e-02
9.785861313907124881e-01 -1.530985587708340034e-01 -1.067888827595728229e-02
