-2.828996137426216251e-01 6.172579614399784642e-01 -6.848492029485059654e-03
-2.738378458335331556e-01 9.928423835398622055e-01 -3.351658507148697064e-02
-1.703151748278343425e-01 -9.871076977755072202e-01 -4.369622426742189591e-02
-3.182617225665390626e-01 -6.084330849769205019e-01 5.374396851411789196e-03
-8.828656068952173142e-02 -9.815120823557309526e-01 1.832954244334922961e-02
6.990861160091845772e-01 3.139606060874969851e-01 -1.865531312331022637e-02
-3.092251421622509433e-01 -8.193409090582390308e-02 -1.244912424763207695e-02
-3.162646433715523564e-01 9.258163890770154669e-01 1.819695350982052096e-02
7.293401623397567368e-01 -1.885788633875895570e-01 3.846179603284664156e-02
-3.021859785799976272e-01 -9.170940159369186384e-01 2.107734193162896699e-03
1.107070906185115833e-01 -1.010913960031734282e+00 -9.612720124776638619e-03
-3.242914343324629911e-01 -6.527668303336671141e-01 3.685124286815433942e-02
4.238232858342340093e-01 -1.017042512835262036e+00 1.437259177516707689e-02
-3.232200822841599375e-01 4.986205683619847062e-01 3.881741630438667601e-03
-2.818460465660652670e-01 -1.842832716404054771e-01 2.696953398252314310e-02
-1.093328774405796788e-01 -1.005608288857803734e+00 8.396145161153258096e-03
4.890063959525915993e-01 -9.694713662922557207e-01 -2.008278736889228602e-02
-2.525753713564090619e-01 -1.023011858945155561e+00 2.315438096842429086e-02
5.483640729083333332e-01 9.805262000923438137e-01 1.669492587445646492e-02
-3.209806318065786535e-01 -9.363196429796838416e-01 -1.529235018780278170e-02
7.089352721251565015e-01 -2.469061809741945057e-01 -2.433241451933966515e-02
-3.121411452807840714e-01 -6.441055881114202686e-01 1.077320308979045141e-02
6.007249374278829102e-01 -9.971533468677316048e-01 2.989589737995472854e-02
7.177022472754096549e-01 9.333705800764795502e-01 2.974895725950626318e-02
4.632358696387203767e-01 -9.999203012035250415e-01 -2.476481630650470642e-03
7.015291785167585559e-01 6.592263356834769938e-01 -2.112379323088591204e-03
5.594180261993556558e-01 -1.011191383873852434e+00 2.982325842950559608e-02
-1.153279035684219161e-01 -9.726280399943388888e-01 1.237890891980421466e-02
-3.169685844335209390e-01 -8.470226051204287065e-01 -2.946021833785499467e-03
-3.600711112224851407e-01 -5.803110243805682800e-02 4.208187083657675964e-02
3.064494533618807304e-01 -9.889754966623329757e-01 -6.563724839034969271e-04
6.648830509206948847e-01 9.498798191347243014e-01 1.375917886391837298e-02
6.926296258435057362e-01 -6.226769101408516915e-01 -4.144272068822887206e-02
5.348317905426929197e-01 1.017631137689197551e+00 2.777304455174856978e-03
2.219406835764531072e-01 9.788870340834058270e-01 3.902112613650856460e-02
-2.786830271725526664e-01 9.895178356973821643e-01 2.163497711505760548e-02
3.562918085106648314e-01 -1.008268498666370583e+00 2.179198773518453095e-03
3.402534327659606506e-01 9.920657448680105794e-01 3.748071609337247281e-03
-1.350509834381641017e-01 -9.882583410283514169e-01 1.522454373565207105e-03
7.180599450434431708e-01 4.169721654218428442e-01 9.140526797347867799e-03
6.902692317568052127e-01 1.577288598925596919e-01 1.304610876497314933e-03
2.705775148276173270e-01 1.000569258232369307e+00 9.930576848414359586e-03
-3.180565348813534365e-01 -9.144952636940617552e-01 -1.486326144137942347e-02
7.267549028961620694e-01 2.896084466414515224e-01 3.247821854244151239e-03
6.511335932637483115e-01 1.798787146586071917e-01 9.770620818746971956e-03
3.532606389693960791e-01 -9.792655901757798542e-01 -2.333816721276659595e-02
4.187337000001803977e-01 -9.863125007834244728e-01 3.690463915537759571e-02
-9.238773703320173059e-02 -1.024242033542678509e+00 -4.375710656145916783e-02
-3.207150289473222060e-03 -9.929261097205226427e-01 -1.377917337317510500e-03
7.007723158089486093e-01 -6.607525305191868092e-01 -2.291952284555236891e-02
1.002723571116647394e-01 -9.852596803177489093e-01 -7.182546172241354582e-03
-3.213940781652509515e-01 -4.675080516598988378e-01 3.620546393656799006e-02
6.913017789076609798e-01 -8.224653662770242679e-01 4.210856790039088637e-03
6.065659506997167494e-01 -9.824598176522980619e-01 3.478712417836120341e-02
4.740494722974236685e-01 9.865869954355880322e-01 -2.667290661652327310e-02
-3.705686043358350640e-02 -1.007442843732916593e+00 -2.629404049574128339e-03
6.686396410103786492e-01 3.127991064555369904e-01 7.292434548822175622e-03
-3.047417220457925846e-01 5.246490903596848776e-01 1.287694561047614088e-02
-3.187655095522149429e-01 1.731153595151703820e-02 4.833356085754995576e-03
7.124842519033081079e-01 -7.494215466907580003e-01 -5.657818208995110502e-03
3.620854015989468100e-01 9.975868350981642596e-01 1.425858950299522220e-02
8.525563572912852467e-03 9.610788017288593998e-01 5.375109719977363629e-03
2.165251087694498588e-01 9.797690852099161241e-01 -6.091067037060450551e-03
-4.096045046719189696e-03 9.946949576815484750e-01 2.309784012882712314e-03
6.977373173489033187e-01 7.653838564696986424e-01 -1.410188944066586561e-03
7.292754436288658715e-01 1.186827629108889448e-01 1.215796595896028939e-02
-3.077677012420597658e-01 6.389358408968559555e-01 -1.301031414132659304e-02
6.642927213029345967e-01 9.195354072850145943e-01 -2.465376796198161680e-03
2.508874127827030454e-01 -1.016348857185557009e+00 1.826612027809883590e-02
6.956361183439155882e-01 -5.358225179692225337e-01 -1.047755371365140069e-02
-3.099469358402656138e-01 -7.559985380947625844e-01 1.538383752395414659e-02
-2.832063651027764695e-01 -1.003232668808653916e+00 -1.318424999895878580e-02
-3.035115644838773941e-01 5.487897714284072359e-01 -1.841789472832148361e-02
6.743928528194376160e-01 -6.991788244121122098e-02 5.270250189543449273e-03
-3.212878268279623639e-01 7.634642231526314049e-01 -2.247687565299638646e-03
2.920938485895344661e-01 9.830188949431154510e-01 1.100059358133880991e-02
2.205495501671709269e-01 1.023641502410484794e+00 -3.093253803606646739e-03
5.150709144499021619e-01 -9.965204359575560167e-01 -8.335940774234334646e-03
-2.955095170029060081e-01 -1.138760402000271454e-01 -2.964713452816719781e-03
-3.230556791961909369e-01 8.572881180919436073e-01 -2.369551196551823724e-02
-9.082047890464994833e-02 -1.008997358392704324e+00 4.405435754219486424e-04
6.583161027840129798e-01 8.437392558735156145e-01 1.472136858331563741e-02
-2.848854785166115011e-01 3.900403286747285425e-01 -2.199917899003055871e-02
-3.100910822352055951e-01 7.676817298677070245e-02 -1.387797892403851846e-02
-3.213361870052165448e-01 9.378684716530716337e-01 2.108922044097871068e-02
2.433514838124786750e-01 1.007160769818154833e+00 -3.325842003960208324e-03
7.111704028101922814e-01 5.137406268680075883e-01 -7.704807960248589993e-03
3.589287891440332556e-01 -1.006430554565361124e+00 -2.312211508233999457e-02
6.694568045456875671e-01 -2.314231981693573581e-01 -1.736146548619018487e-02
1.050100868116960601e-01 -9.782565244681528105e-01 1.573298530361645978e-02
6.767979155519752155e-01 1.254660539445736078e-01 1.998953200025590723e-02
6.851852022965777556e-01 1.005027393688290527e+00 3.382570645781470681e-02
6.906575841066208143e-01 2.583546929072604303e-01 -5.463417210627562193e-02
3.270365116204829725e-01 9.997531472849520151e-01 -6.654497615436739434e-03
6.906329871166975165e-01 -7.579638164295464664e-01 -3.268847434508505984e-02
6.398757495195351863e-01 -1.014656641501487266e+00 -1.292792461010864626e-02
7.238603275330824927e-01 4.546033471092200684e-01 -1.910851517812462916e-02
7.034692630133989599e-01 -6.727537775641758699e-01 -2.804346428341467079e-02
-3.228335318001123166e-01 7.692119360181071119e-02 -3.013191161525430664e-02
7.096615986868198833e-01 -4.712006102636646099e-01 8.808491890743957650e-03
6.600236640327852289e-01 -9.896959385775325746e-01 -3.819465748387828891e-03
6.836137021481641929e-01 7.505435322697799894e-01 -1.730019986807313295e-02
-2.993304059565874420e-01 -7.025726481904722709e-01 -3.391168844610884664e-02
6.692958882185157110e-01 8.301911461711797280e-01 2.241999675309053544e-02
2.576565450699713766e-01 -1.015814504331341350e+00 -4.914356763564172587e-02
-2.982138630491142917e-01 -1.323354970669586850e-01 2.957461178694552415e-04
6.141723997920427447e-01 1.008146572761310367e+00 -3.813042963671560426e-02
6.899543238470605688e-01 -6.578441976635651667e-02 2.849289173780667969e-02
6.872103074604908324e-01 -1.972085407757354913e-01 1.802764859281563367e-02
4.106784527446385447e-01 -9.802507798417147145e-01 3.312572468762171179e-03
-2.920480062932089282e-01 -2.411589528250628889e-01 1.119114663760185230e-02
-2.782281696493200118e-01 -7.732565316745096951e-01 9.074528392353503961e-03
6.886765790860934766e-01 4.107747490023545001e-01 1.032543357871925672e-02
-2.947427346077888810e-01 -6.648605728081540267e-01 -1.673474322834748659e-02
-3.361503335423364214e-01 -9.814631798800955709e-01 -4.218228528471645866e-02
-2.782505255673117794e-01 8.235617596465935053e-01 4.503198023745260022e-03
6.846200132746091960e-01 -9.805445091705523863e-02 1.789005261681488740e-02
3.003093988106928514e-01 -1.003683539216317033e+00 2.669657544470636912e-02
6.745364353937424173e-01 3.185080176281572251e-01 -6.812488435934277182e-04
5.710182413699336212e-01 -1.006298738540177373e+00 -1.835031680874073257e-02
6.798223096346436289e-01 7.965638472816400917e-01 4.140230535830756453e-03
6.585982032995623126e-01 -3.102495976182827464e-01 -8.524974858711394793e-03
6.847363020466719075e-01 5.489460164086255034e-01 1.099721281958754120e-02
-1.259747660127456537e-01 9.941852998811858688e-01 5.154778826254487190e-03
6.730220323346898237e-01 -8.282431374763346010e-01 -3.595878294780455956e-03
7.210755565952947643e-01 7.556121960985388020e-01 2.745222857659078593e-03
-8.076807981028227834e-02 9.808969202936203002e-01 1.000083960560322650e-02
-4.760101482768503561e-02 9.861637451247555752e-01 1.965495914330703947e-02
6.756368657794081800e-01 -3.463686228598103489e-01 1.884497592123622872e-04
-3.253102556239800269e-01 5.424407311281089772e-01 5.916605038970177907e-03
7.004241837659913594e-01 6.354858254592437028e-01 -3.095199782297958571e-02
9.037669233237922983e-02 -9.633336136528277693e-01 -4.824933903396357721e-03
-3.196251850614284518e-01 -2.147653971028171127e-01 3.785560432068673688e-03
-3.275585280422196877e-01 6.059079622467652970e-02 -2.108827732578505074e-02
2.814346988317055209e-01 1.017709368683985982e+00 5.502467539257553143e-03
6.949267718250000669e-01 9.257005118875779592e-01 4.224353713223614332e-02
-3.130489137629220431e-01 -6.828005537154984150e-01 -1.378198942025774497e-02
-6.137479769541905397e-03 -9.870886254499704471e-01 -4.223070387585344670e-03
-1.945324192138791486e-01 9.886569897107113647e-01 1.095341830168910721e-02
4.660762866693606843e-01 -1.024701720989950049e+00 7.226560939081460959e-03
5.198040134898499476e-01 -9.824539849662708990e-01 1.772217639254463489e-02
-3.183543151806260685e-01 4.752499169763720888e-01 2.882158429935422275e-02
7.018681076870246782e-01 -1.616704632546116793e-01 3.060212717032662066e-02
6.796543411122001332e-01 6.557755154121094887e-02 -2.944705526547997630e-03
5.743068333126354341e-01 1.014868233953216459e+00 -4.150099624304291746e-02
-2.941689012144522164e-01 -1.983328088229303066e-01 3.297901780442982159e-03
-3.056451681331582848e-01 -1.017106516454632459e+00 -7.739727884925305841e-03
-3.180282976406634821e-01 3.647895634168702439e-01 -1.368719710621359338e-02
-2.991106888932223984e-01 -7.693985259766139562e-01 1.421871698641001547e-02
-3.177468305999745501e-01 1.842081477202445750e-01 7.712425286991624225e-03
6.541482007071430793e-01 4.657978696295213550e-01 3.591621905420631228e-02
5.933918253390378927e-01 -1.011814067295969233e+00 2.502833590306993705e-02
-1.439446399138936683e-01 9.883300412784572497e-01 -8.061379386404523423e-03
-3.119457189346642734e-01 -3.931891610269701576e-01 5.198545917567465313e-02
-3.121852528189110187e-01 8.315445867665777202e-01 -8.076524233071823849e-03
-2.543664504967062534e-01 -1.041145612480530502e+00 -7.549016560060572978e-04
-4.261561119965081440e-02 9.990428478225434894e-01 8.570101723482870942e-03
7.031428802786860999e-01 -9.171710983444661958e-01 -3.323156793966717312e-03
7.134778211715165908e-01 7.214683513524500214e-01 1.448014176599980544e-02
-3.159406439093823127e-01 -2.346438466032645387e-01 2.052809077331734303e-02
1.802142756617891028e-01 -9.972131794470868726e-01 -7.734322698961271746e-03
-3.141892856836302483e-01 7.314332406306698342e-01 1.475838494503184904e-02
-2.880494611614885514e-01 -7.265144132971689261e-01 -1.330453535358817278e-03
6.936950333967828453e-01 4.702424304628842200e-01 2.975597208913923625e-02
6.778649139822423564e-01 9.074068416712035567e-01 2.841757233030211757e-03
-2.979944786310290694e-01 2.577966106919302725e-01 1.944125014139832033e-02
-3.057594834275057516e-01 4.791544882489014445e-01 -3.673935846501227842e-02
-3.121578108757041559e-01 -3.396234323532446031e-02 -1.036233380664402896e-02
-2.475868812842455802e-01 1.016676279149014928e+00 5.331446502505750307e-02
-3.108132327348224755e-01 4.232016543849847490e-01 3.784960510812415690e-02
-2.752830270621193232e-01 8.916499094240388779e-01 -8.095914014466890421e-03
-3.350256047522589542e-01 3.199887829109139548e-02 1.720108191779702936e-02
2.317060813231623662e-02 9.886858240646421159e-01 -3.668794865323268817e-02
6.891658114840268912e-01 -7.970649018042547107e-01 2.531328210142548898e-02
6.945576048641977085e-01 8.270103081561018810e-01 1.726589840986723131e-03
-3.007631936021030183e-01 1.903082198858609964e-01 2.518434757772767402e-02
5.999414523176156422e-01 -1.036665196227114727e+00 7.528572853645442396e-03
2.824576366676977979e-01 -9.595546893754899331e-01 -2.721200000981344527e-02
-2.957060560365767365e-01 -1.944703226035050247e-01 1.762680311513585910e-02
4.189912785092121672e-02 -9.767572781648661273e-01 -1.695793986124883267e-03
7.123403284696564475e-01 -5.141371628304546304e-01 -2.618615101008117674e-02
3.104120135965689475e-01 1.037352079768545154e+00 6.340213610523178812e-03
7.039274251267508831e-01 1.735997260253453744e-01 -1.014975501057472154e-02
1.240739943439201354e-01 -1.000512195910483904e+00 -2.800468515021494256e-02
6.641677489044079952e-01 9.786212076401534787e-01 -4.249703679359347064e-03
-1.698881569117467183e-01 1.010463866451369208e+00 4.204181130469868827e-03
-3.085970325717322105e-01 -6.336708788100237078e-01 2.411379213172795775e-03
5.764198722154388888e-01 1.002327419440551592e+00 -1.035893099463640159e-02
-3.065041852207904816e-01 1.546748891833729100e-01 2.679246929751867221e-02
-2.660687833439439043e-01 -1.006476827942385022e+00 -3.975977467519662203e-03
6.998980156443399547e-01 -3.914300419686800314e-02 -1.497380657078695686e-02
4.205834456799416587e-01 -9.988214735614894257e-01 -1.109877646472442331e-02
1.525636385783713245e-01 1.009578770776145884e+00 -2.336394109302599234e-02
6.263546037440471670e-01 -9.558568705058407833e-01 -9.522509994511201004e-03
2.706368542582674452e-01 -1.005473599586026001e+00 1.765016982532820189e-02
3.011030085857168137e-01 1.019043093399395916e+00 1.152892909534656597e-02
5.388673175040046281e-01 9.770354027512707651e-01 -8.118228075473561331e-03
4.481535240534829656e-01 1.009192489554902261e+00 1.095464202494178703e-02
1.710766884645887886e-01 -9.814937368878328128e-01 -6.072380099010661267e-03
-8.422657173027103816e-02 -9.408247569192081938e-01 2.497111726763930929e-03
-5.209760374390411952e-01 -2.414279945011997164e+00 2.435699460710391562e-02
9.296051893579360126e-02 1.683090947404042304e-01 9.872255279331279554e-02
6.207580661462834826e-01 1.338951909424294762e+00 6.511685369529890410e-02
1.392307598185099415e+00 -4.546297709871849335e-01 1.941601831568835757e-02
1.149333257597433988e+00 2.141956686042164826e+00 6.933841334782583909e-02
1.273856422452944503e+00 1.934982564905746827e+00 -4.164854970717495747e-02
-1.038286126441738677e+00 2.604520174488387241e-01 1.570087924659983869e-02
3.548102644069319744e-01 2.268613445119909144e+00 6.929265785022864499e-02
1.580989429655978995e+00 -6.051005219816563141e-01 -2.313731525362069941e-02
1.584089171651832384e+00 6.250138882234610449e-01 -2.758284380628624188e-02
-1.014866804043883963e+00 -2.061700490314126277e+00 -2.089951043656927687e-02
7.401629207736166727e-01 -1.289542480309247452e+00 8.855888547985663051e-03
-1.699065350516582029e-01 -1.192194476367024913e+00 -8.523346140132524729e-02
-1.142629175347566584e+00 2.383340831463920395e+00 2.669148266934337488e-02
1.453957148891213969e+00 1.236245650648922556e+00 9.475052319548823987e-02
-2.084043226711858043e-01 -1.544692722524996453e+00 3.789754252781812882e-02
-6.542997762653505189e-01 2.547614104774974741e+00 -6.242627218562411123e-02
-9.366177781287317039e-01 -1.211369513132440900e-01 4.245212410539439540e-02
8.721121026171352320e-01 7.141361723412282814e-01 -4.494621519120916425e-02
-7.265411602486171461e-03 -1.868208946602200493e+00 2.059076389720888856e-02
