4.666512361017081667e-01 -1.005331616216850632e+00 1.598931835191068351e-02
-2.155210285921072694e-02 -9.752749843230887894e-01 2.286832999194733824e-03
3.028094810284449045e-01 -9.925810722026120470e-01 -1.721459018768244781e-02
-7.506638910261706661e-03 1.004221476811125280e+00 4.171120129653276692e-02
4.892891971830492376e-02 -9.675435709275977958e-01 2.608349179311432280e-03
-4.471637947063142327e-01 9.615981792685474039e-01 2.179649786417266547e-02
-4.632018051469811160e-01 -1.043714304187339792e+00 -5.230511101876408539e-03
5.431340829011392923e-01 7.433988442446353151e-01 -1.274027551406856258e-02
-4.966558484531629625e-01 -8.248929786219949545e-02 8.306280987337263250e-03
2.081488737667931965e-01 1.013838364816901372e+00 -1.032241710590730416e-02
8.855780676190361245e-02 -9.894024858885547280e-01 -1.029319196671363984e-02
-4.678570361041220482e-01 5.329645460774640187e-01 1.387086913475277065e-02
-5.121837861148869075e-01 -6.672573020490977225e-01 -1.574518762932964819e-02
-4.477809602442239800e-01 9.918651252987100708e-01 3.816856900450145418e-02
5.226784355297515727e-01 -2.968549042758091283e-01 -1.125055384071159230e-03
5.209814883691623599e-01 8.345171176331375174e-01 -3.383345722770011652e-03
1.668785600044229989e-01 9.966498470307388891e-01 2.532705857252724388e-02
-4.812885783166069853e-01 2.388805059848647383e-01 -1.835400177527057169e-02
5.137527581820104938e-01 -7.121800908456713541e-01 -9.843117974781278451e-03
5.676613421168491547e-01 -7.716726388854779906e-01 1.703708778857589276e-03
-4.753917434563340594e-01 -1.103164992277534256e-01 -1.753776510968732549e-02
-3.692815463223154127e-01 -9.844402007269708044e-01 3.004342698106481080e-02
-2.115018509477106096e-02 -1.011355157879404665e+00 -1.955095536414294503e-03
-4.057301061511908169e-01 1.007648639602399587e+00 -1.852285796101249896e-02
-3.891702400423851516e-01 -9.863918580112305268e-01 -9.391753563088854270e-03
4.193505749307094299e-01 -1.005947225333572836e+00 6.518924853832877390e-03
4.038262775471743171e-01 -9.979438900337003204e-01 5.237564557373261369e-03
-1.767514979185838275e-01 9.689060213451941017e-01 -2.804093479257214680e-02
-4.768174320227685503e-01 -4.176697656922465640e-01 3.248969603745052639e-03
-1.314796067367570986e-01 -9.901000206506679335e-01 1.614902655166666756e-02
-4.951144398279689884e-01 -5.019163254565489618e-01 -2.141710091250483526e-03
4.126212554815620881e-01 9.973247597293974920e-01 -4.788528190826136371e-02
5.119203059039082460e-01 7.092926487027531035e-01 1.033066139608001220e-02
-5.026819011321607134e-01 -8.490528758388566910e-01 -2.084180896423531298e-02
5.129258413293746877e-01 4.861486181303486531e-01 -1.729285679062284378e-02
2.923689972573135232e-01 1.024581084821146293e+00 -1.445204765637516861e-02
-5.237170471099532598e-01 -9.320079562022898223e-01 1.379890956064887785e-02
-2.807585080759054663e-01 -9.683929524415635370e-01 -4.789329082959419004e-03
8.305608327213269415e-04 1.001192905483803353e+00 4.271208109457910046e-03
-1.396291613327302339e-01 9.721416261493165401e-01 1.984174078292018015e-02
5.308446328800505709e-01 -6.681327794433775669e-01 -5.687725561494364271e-03
-3.046554408433917449e-01 -9.670312002091160375e-01 -6.940471970404170354e-03
2.322654311732587351e-01 9.973074045544922939e-01 -1.111312682159635960e-02
-3.448189839358887787e-01 1.012741142403950523e+00 -1.637477959654926735e-02
-4.377397249673342094e-01 9.866705058548937979e-01 1.501701457073873099e-02
3.067279922528269309e-01 1.020011215469582178e+00 3.778633143014149126e-03
5.156976482424129316e-01 -1.111216433268072401e-01 1.555103645866024419e-02
4.963926946373826143e-01 7.568750205330594394e-01 -1.005112015067037221e-02
1.777201970003992604e-01 9.891179626819874837e-01 1.536991253949031126e-02
-4.694809924263426137e-01 6.612173865763754099e-02 -1.057633269325835082e-02
3.372500462111424069e-01 -1.000819093472245846e+00 2.324011006984580407e-02
5.204077585756525792e-01 2.711230135301112565e-01 7.401397836153384910e-03
2.135689534634455100e-01 -1.025242435073785652e+00 3.674515802570596512e-03
2.773469515183488721e-01 1.023017395505317229e+00 3.931830172135749972e-03
-3.280991527248798834e-01 -9.967794323942523738e-01 -1.026790435898190107e-02
-9.863151032877329194e-02 -9.693622379065959249e-01 3.859740960314343022e-02
-3.177653624099741059e-01 -1.035398857964532127e+00 1.006844853398885728e-02
-4.990736956358859389e-01 -4.792155424354213045e-01 1.302654046097078940e-03
2.267887832207342996e-02 9.965299375107602442e-01 2.617160184101850057e-02
-3.100639901235794360e-01 1.009580928143826828e+00 9.265780771722192596e-03
-4.247004812987176248e-01 1.016483190715574692e+00 3.615326803167304842e-02
-2.191576604518044036e-01 -1.004345698261583708e+00 -1.036985127080054803e-02
-1.869426701978687821e-01 1.038499111230061889e+00 -1.381764085001961975e-02
5.483223858513323057e-01 -2.242616184691367115e-02 -1.259378370799030950e-02
5.416101402136430654e-01 5.589558116689317124e-01 -9.631249583807495332e-04
4.981680581874878833e-01 3.892956428562361904e-01 2.181846873991502306e-03
3.373723485107794073e-01 -9.876050850605440079e-01 2.763930863834057616e-02
5.191215140691707308e-01 5.886476136959419847e-01 -2.133279940939084365e-02
-2.886358244648081772e-01 9.996660918566454557e-01 -1.836572474172249586e-02
5.158186027098801141e-01 7.583477808031527378e-02 7.177023153233357683e-03
-4.201632924663853408e-02 -1.004536357433279736e+00 -3.774077282123941557e-02
-5.004001587993790467e-01 7.347896835723543019e-01 -4.361517896541069333e-03
-2.543138651246175663e-01 -1.069454857189953145e+00 -2.190966605287178112e-02
3.267715503696021484e-01 1.014121489024059741e+00 1.036229174415121378e-02
5.203590803778624929e-01 2.251104468615546250e-01 -2.557776585348392039e-03
-4.888889545333605646e-01 -2.766571137150010129e-01 -3.397190879386734891e-02
-7.175395655523247873e-02 -9.874415974320468470e-01 -4.622173471319740434e-02
5.169969408768232411e-01 1.794328744706921719e-01 1.555629055907564728e-02
-3.164650700383386250e-01 1.001866596141799404e+00 3.016187726371250509e-03
1.089406847073167289e-01 9.828001097515004503e-01 -1.531969575534262822e-02
1.215035382058594071e-01 1.029609345056275105e+00 6.580710726231018062e-03
4.446530013676254500e-02 -1.015534247242408039e+00 -3.322884553648391276e-02
1.642042239153582439e-01 9.937902053057664498e-01 2.841390365137167091e-03
-4.329151189922884058e-01 1.028397085101186104e+00 -1.302128347091217365e-02
-4.990050368702673711e-01 3.354720204573879982e-01 2.192116827246888902e-02
5.101820744742210367e-01 -5.845991393713118045e-01 1.614985909524997351e-04
-4.705118958598966117e-01 -1.032265876780723707e-01 -4.007509099935385039e-02
5.142282574642739190e-01 3.879311429393252908e-01 1.331870995258609223e-03
2.159908471662951301e-01 -1.015116869949148848e+00 -1.496854220425961404e-02
2.919790409188184332e-01 1.004055429797625187e+00 2.078300117854714121e-02
-4.728037267489187401e-01 -5.821542671758986875e-01 -2.132770806735479960e-02
-4.915602680994170526e-01 -7.898892693502471696e-01 -5.808498775237493604e-03
5.181678330635803853e-01 -3.034876509517293042e-01 2.477888414458655555e-02
4.694442426921834749e-02 -9.960815307273739316e-01 -2.464148673251079572e-02
2.969028073117907507e-01 1.028538506148914955e+00 1.583483126349520542e-02
-5.208277428111285356e-01 -9.164434029285707384e-01 2.840654373859782117e-02
4.998272706174609059e-01 -3.072550510082422762e-02 4.460377157653314627e-03
-2.136252017506027057e-01 -9.869505029867431389e-01 -2.021594494791655733e-02
-4.842728250600720208e-01 -7.557505716970122980e-03 -8.221770829831999763e-03
-2.429576642743884463e-01 -1.004910967942583166e+00 6.423278706605733274e-03
5.483984011841923634e-01 -9.944501943727409587e-01 4.864182546245935518e-03
-4.727166465439936460e-01 -4.817216725397931443e-01 8.178088273943538017e-03
5.143142215210848578e-01 -2.812076159524820596e-01 2.113071315043069456e-02
1.201334441948397197e-01 1.015225119948890198e+00 -6.002214477293905427e-03
5.096096595454290279e-01 -6.493648963262887985e-01 2.515677355936280640e-02
2.904452464234677511e-01 9.864945116752781296e-01 3.518554133483595397e-03
5.496682691332187565e-01 5.768905105790316235e-01 2.193450869752306201e-02
1.196921148736858759e-01 9.986978857155982547e-01 -2.308045647976762196e-04
3.150196627542424244e-01 -1.005085285277289797e+00 -1.272293699914413267e-02
5.228660301806259403e-01 -9.203870898530508438e-01 -2.986647698408591636e-03
-4.975485504168744022e-01 -1.115960108565521441e-01 1.564818418402024944e-02
4.708639971814893022e-02 1.004483910891057930e+00 -1.389085833908430346e-03
5.443081430467943127e-01 -3.780078703607504531e-01 -2.189905199196130747e-03
-2.824126953654698680e-01 1.017230076964972030e+00 -1.728599162388837554e-03
-4.848486175305964929e-01 -7.451370087170288148e-01 5.045179964800372736e-03
5.004109169566548498e-01 -5.916684035304407147e-02 -1.160919597461238482e-02
4.004459752702718145e-01 1.010340002945752547e+00 1.144117508244497754e-02
-4.702839128892367659e-01 -8.397863360272947997e-01 3.118528611273754803e-02
4.818305179207110767e-01 9.880215261550979733e-01 -2.660398055020775739e-05
-4.761881665080479609e-01 -9.221575904794482303e-02 -3.155107992897192293e-03
1.599605574600982127e-01 -1.007960257801373549e+00 2.557488350367040364e-02
-4.634767681844328413e-01 8.285799389362427103e-01 2.440264629636704902e-02
2.918132215150223696e-01 9.808989506631177191e-01 -1.398107453477450204e-02
1.033046094582694419e-01 -9.915857543360239168e-01 2.577374465104320667e-02
-4.787467177321736989e-01 -3.421034962761261289e-01 -2.113818037726297727e-02
-4.978678530634539356e-01 6.211601651497592469e-01 3.725159264788016622e-02
1.402940066823319398e-01 -1.023870001271633079e+00 1.344707667016648532e-02
5.142395109328320446e-01 5.637993548004467392e-01 9.732820590176757825e-03
-1.151393548134933414e-01 9.899989719847094305e-01 1.508949980458629530e-03
-4.746535519857480456e-01 -6.057814504614456030e-01 2.317394482496356115e-02
4.932932225841963891e-01 1.448793944953152557e-01 4.147702033468536609e-03
-4.514684234755238501e-01 5.358579819370167252e-01 -5.603989071264227351e-03
-4.820412428245209324e-01 -2.529511106322818725e-01 2.681075740712413058e-02
-9.943296883016364274e-02 9.914789427987881210e-01 3.548693551708445647e-04
-4.454980567301121686e-01 9.947327294899784844e-01 1.280067046645586015e-02
-4.848439029135330758e-01 -7.952837782976278636e-01 2.251169968349894801e-02
-3.533731116480376411e-02 9.934198040132459218e-01 -7.949141206149040392e-03
-4.588263855599173935e-01 7.823835282968508720e-01 8.151417867118655736e-03
1.203960670161414170e-01 1.046504020505134136e+00 7.640313734901585038e-03
1.214424832376524016e-02 -9.703891528995577387e-01 -2.787629160606475143e-02
5.776958987373893850e-02 1.011703175802830312e+00 6.623758939143208069e-03
3.141244741325693313e-01 -1.008270403884064859e+00 -3.595285903882999411e-03
5.266914372740879591e-01 -3.039481360868457327e-01 -8.276336202824438257e-03
5.326678675611349334e-01 -1.349950420679703056e-01 1.550490015708289341e-03
-4.630726608776731257e-01 5.499326239391296722e-01 -9.033351658162092762e-03
3.696696455288698835e-01 -9.962778739391606742e-01 1.847045013739203809e-02
-2.753632896141243735e-01 -1.010952859008297011e+00 -8.440405875418341766e-03
-3.923750023681912280e-01 1.026166088587106007e+00 2.525220217261459413e-02
5.297054508320093724e-01 1.005339535367939519e+00 -5.007754077074282398e-03
7.885136407496209920e-02 9.793715155818827345e-01 7.550624186770063528e-03
5.093598564180480404e-01 1.308062903411758293e-01 -1.341198391325347863e-02
-5.003640908023309075e-01 -1.291082727598253099e-01 1.529721496516711285e-02
-4.963154167825071239e-01 7.929705176278029066e-01 3.541850426182094422e-03
-3.451547640207968531e-02 1.032297290374833754e+00 -2.233660423526652797e-02
-2.986404210793917602e-01 1.013960604456725312e+00 -9.518199081585992927e-03
1.969171043636671822e-02 -9.859415706510497035e-01 -3.381048589220458228e-03
5.283415366653063661e-01 1.989979867427476568e-01 2.284752348791974173e-03
4.683907448519102346e-01 -1.019083304245841592e+00 3.746756903928194493e-02
-1.430919416558175394e-01 1.015707035405001513e+00 -1.991211488155810935e-02
-3.735457775845179018e-01 -9.969537079449566352e-01 1.665667416721602900e-02
1.274547655766651577e-01 -1.045806432989737189e+00 1.495765414910541803e-02
-5.169562042205099184e-01 1.603680051742755255e-02 -1.452283166735617720e-02
-5.049276670486235741e-01 6.096275996881553860e-01 7.789195618196638471e-03
-2.805542843103807707e-02 9.977024435490704501e-01 -3.423843494275967403e-02
-4.968463771243486482e-01 -2.382807667545487340e-01 -2.280636101705644375e-02
-4.854764413472684725e-01 -3.192295110886959608e-01 -1.478974764472591567e-02
2.468324625567694663e-01 -9.920125127945730314e-01 -2.147930768284329189e-02
5.063232836091934308e-01 -4.788543431249303595e-01 -3.117322279853439876e-02
-4.812700024720240055e-01 -4.451182516867401295e-01 -8.561037045633004827e-03
2.499212713014279108e-01 1.006368356101158046e+00 -4.227092564058381602e-03
5.310533494593504544e-01 7.623140504110378357e-01 2.312355470308961880e-02
5.028889638756679492e-01 5.438060052064291883e-01 2.568249177651766007e-03
4.859005719848674687e-01 7.405064724630715522e-01 -2.118143716145680366e-02
-5.029074764146637122e-01 7.753345781173728302e-01 -3.011593618173383918e-02
4.861304758177921181e-01 -1.998649277384235701e-01 7.033622898969856679e-03
-4.819495104182224821e-01 -8.163155683619294223e-01 8.424507257269810839e-03
-4.581289394868792719e-01 -1.004716124154595880e+00 1.199944283133244291e-02
5.455330936056724811e-01 -3.895355905799083862e-01 1.964764256315510230e-02
5.379142905166817146e-01 -7.125498724470170908e-02 -1.303374951052563464e-02
3.355483574350207610e-01 1.022336706704943143e+00 -1.204581229144001744e-02
-4.678710369633291566e-01 -4.411909030008964727e-01 -3.747435328857684055e-03
-3.927838791307930455e-01 -9.996321267727100723e-01 -2.093653347024310857e-02
-4.703070168319766209e-01 8.623374425880520056e-01 -1.645427424786875814e-02
-4.624547388653060809e-01 -1.841006904852660053e-01 5.935602956042970377e-03
-3.209487574769835927e-01 1.003331351242443770e+00 2.689423147131020288e-03
-4.804004495224509230e-01 2.511742750118188261e-01 2.405774204032926078e-02
5.075444828791488838e-01 5.703348239316762269e-01 -1.923027405956003605e-02
3.793393737852510106e-01 1.020976694680262087e+00 1.303524809516876277e-02
1.006278443169463105e-01 -9.959765031355006792e-01 -4.748171767193653039e-03
5.251924986657395822e-01 -5.223098158364499755e-01 -1.347498214900844787e-02
5.120620326799344424e-01 -1.864566641817367032e-01 4.304377994239023952e-02
-5.009777781429168853e-01 4.967510197248539150e-01 -8.536438052178841468e-03
-4.788870220574740766e-01 2.580821306606725374e-01 2.321203920508297172e-02
3.962133638216748799e-01 -9.948626107114042494e-01 7.324275019023651460e-03
5.137068205195179926e-01 -7.356291573065930622e-01 -1.012353201811662211e-02
-2.014291235912967215e-01 -9.910485194447978818e-01 -1.539425163365318837e-02
1.398547854511107413e-01 -9.979763459166293149e-01 -1.919195041327717913e-02
1.281267996892356265e-01 -9.844509066611021320e-01 4.060823569248298709e-02
5.178431861441780137e-01 3.406012790511521726e-01 1.152721059661935936e-02
-4.925095359140454487e-01 2.560615078588788784e-01 -4.570988680420392559e-03
-1.159376457937473681e+00 -2.879943708280003456e+00 -1.888212428490272654e-02
1.159793731037699338e+00 5.504114969885538500e-01 3.830637795822627867e-03
1.511423840726512591e+00 2.001403220185085097e+00 -5.044121645321606590e-02
1.108005443725320394e+00 2.941722804615975129e+00 -7.266021362195290711e-02
1.445457649625987884e+00 -3.787496777197061348e-01 -4.457394531531318205e-02
-2.524011802993382236e-01 -2.681001703989984719e+00 -2.862879690458515480e-02
-5.905796211089896497e-01 -9.611946056556286422e-01 9.825710651170557752e-02
9.223144757663166438e-01 -2.785103272004389119e+00 5.488283262344564872e-02
-4.109931429312321249e-01 -1.653091331807783115e+00 -5.037746505691065302e-02
-6.691727130218394493e-02 2.232413558370710760e+00 8.176829555376749492e-02
6.745894836992198940e-01 -5.888698479121545759e-01 -4.342749248735527229e-02
-6.191344786864844130e-01 1.851956639589502629e+00 3.227135297590549845e-02
-8.727213540965126359e-01 2.740703189191498801e+00 -4.381491690616856616e-03
-6.780460691858861688e-01 -9.559579084361979895e-01 -2.274739665085856455e-02
1.460592145415617438e+00 -2.841345499640604011e-01 3.898684034297564271e-03
9.642647570814948388e-01 -2.228281450822064969e+00 2.299287842428407447e-02
-1.624436390196568603e-01 2.788965260953110814e+00 9.829065262820899096e-02
8.313289226277125188e-01 1.638129461170285239e+00 4.553727520825540109e-02
-8.391977065209392794e-01 1.259786117998951127e-01 -6.589851774659455375e-02
-1.186957497678031270e+00 1.291325565231124628e+00 -6.025436660255461402e-02
