-3.169503435187507878e-01 -1.018912448099757118e+00 7.280531673962922605e-03
2.054600499435075001e-01 -1.024017236277682485e+00 -6.273937251552683461e-03
6.501053777603156281e-01 1.386369234993489186e-01 -1.721887992654464600e-02
3.413388630307983007e-01 1.010448663526886115e+00 7.483035272715698842e-03
5.849469938088052157e-01 8.953877067844371318e-01 -2.835184766485267238e-02
6.110418239859202183e-01 -1.583654593312774916e-01 3.624466592298417576e-03
-6.348454596241087655e-02 -1.016778213101882322e+00 -3.849448121225705361e-03
2.956589325325474360e-01 -1.008295163713792020e+00 2.130994289120299867e-02
5.835447379827262138e-01 6.075772922503379636e-01 4.084125601059650917e-02
1.904631326349898179e-01 1.014851391108414269e+00 -2.261966998779379318e-03
5.697857809530268436e-02 1.014877978707532158e+00 -5.701081558893942181e-04
7.737026861254864274e-02 9.931120735499461283e-01 4.141204545865721440e-03
-4.201518012188237838e-01 4.570700803911049298e-02 2.883409625955049571e-02
-2.501611914425281302e-01 9.709467384375825016e-01 -2.471998059234494990e-02
-4.019051048929589420e-01 -5.054602052813675916e-01 -1.160879798762945100e-02
-1.763988839697934463e-01 1.017790086249625858e+00 -1.928457125525367272e-02
-4.024704289906644306e-01 -6.042877151727877871e-01 -2.812699216667464627e-02
-2.679117449455427624e-01 9.941241425194007331e-01 9.928554663677759476e-03
5.331607063371783806e-01 -9.941576409470084252e-01 -1.314957440925222654e-02
-3.714105887276512585e-01 1.791735348769083469e-01 1.978938085087932758e-02
-3.474154829431516656e-01 -1.024182243373094492e+00 -1.578989303452089888e-03
-3.981635363065312294e-01 -5.163203389272503774e-01 1.466361021192668333e-02
4.312073837863329429e-01 -9.637754367535964484e-01 -1.248728261576772343e-03
2.115677585687406048e-01 -9.907360586156800375e-01 2.591241212794929277e-02
-3.998838831950646822e-01 -7.420744966335407478e-01 -2.885223634153237862e-02
-3.987990325490779475e-01 4.449141966771032464e-01 1.056688812706674946e-02
5.033386663801440175e-01 -9.733931632653651800e-01 2.504516938894270003e-02
5.884974210565098174e-01 1.600464574290069164e-01 -1.058252371117383850e-02
-1.327469700905510586e-01 -9.900433019966833337e-01 1.768431131017919253e-02
2.994581815826140581e-01 9.856116593713857288e-01 -3.251280316369130341e-02
4.661307479274408583e-01 9.946737204208069283e-01 -1.115207015037571886e-02
-4.064974212512009188e-01 5.287285958743771497e-01 -3.169702047662445541e-03
1.637563691703122770e-02 9.944037788490547314e-01 -7.950535367811562351e-03
5.890134670531171901e-01 2.468716309435557976e-01 -1.331435620799477360e-02
-1.465485280180761907e-01 -9.556371521485318432e-01 -2.331187000541094789e-02
-1.202175585761539739e-02 -9.904800362674509584e-01 5.091049248396033178e-03
-4.426467277127015820e-01 3.528478631690402101e-01 -1.901055622937046366e-03
3.521420408121964107e-03 1.004289657725942364e+00 -1.655190339953200793e-02
-3.510665053902409238e-02 -1.011854029278024925e+00 5.212698719771174938e-02
3.944695333162907547e-01 9.918121189293972462e-01 -1.036140118812144649e-02
-4.239581433932447241e-01 -1.553318739704417362e-01 2.886655802704499521e-02
5.694500781809114232e-01 -9.261256602851948572e-02 -3.295918594647921640e-02
-3.387201722763275025e-01 1.025552268193181682e+00 -1.953750441784811711e-05
-4.110512312296227266e-01 8.089581079278879150e-01 1.345433316349074239e-02
-4.108420288785075147e-01 -3.730390725287158205e-01 -7.646078943626051158e-03
5.873407167281938790e-01 -6.889864273033446951e-01 -2.764843391921444418e-03
-4.609304155213217458e-02 1.034874169533259058e+00 1.895268353336893724e-02
2.757420490773950655e-02 -1.033664426614314680e+00 8.195976676449400616e-03
6.118085082285654730e-01 -3.847658002798407528e-01 2.039559641852481051e-02
1.155705253434341148e-02 -1.007665251389033179e+00 2.468862117838663273e-02
5.945315067819175736e-01 4.227782917855356648e-01 -5.920223760477585917e-03
-3.906668167388530066e-01 8.241210611891168769e-01 1.084598358700022578e-03
-3.100701265135547349e-02 1.039431085125289478e+00 6.761995641595059010e-03
5.847092046976793966e-01 4.786640989685210235e-01 -1.281309363795592009e-02
5.834281882565267585e-01 -8.987335342087180434e-01 -1.970348262076168991e-02
5.854700698047929919e-01 -1.982075728858447572e-01 -2.045508445209029066e-03
-4.150341569911664141e-01 -7.086537203735517876e-01 -1.425599355659575886e-02
5.829864723244649882e-01 -8.046090932077805125e-01 3.348788700311149807e-02
4.300367475997922129e-01 -9.781538302798767903e-01 -2.929604827246336599e-02
-5.344970085050225472e-02 9.901346150278468317e-01 3.493800650175335476e-03
-3.834337718547687346e-01 -5.452984219565124580e-01 -8.901117286801280698e-03
-3.225422169982036791e-01 1.001153588438961073e+00 1.093746850486892845e-02
1.127063220990042053e-01 9.885522401212869514e-01 5.780056535919388290e-03
-4.090844343958121021e-01 5.774274424181804477e-01 3.107628158201061405e-02
5.791128825831785010e-01 -7.209191543598187923e-01 -1.127448347360402413e-02
5.731020099174233273e-01 -1.025824309589904670e+00 -1.051097730042505236e-02
-1.088581366091802283e-01 9.503710538256119333e-01 -2.851002328139846595e-02
-5.810602276686398227e-02 -1.017434704155500746e+00 2.213772470072237347e-03
3.015595479598008333e-01 -1.008745558322315050e+00 -2.403569942549216645e-02
-3.165237899904872476e-01 1.005849926435226971e+00 -2.574192429948500950e-04
5.944613874074767823e-01 4.175508195164327474e-01 -1.585498774184469425e-02
3.357041246860545392e-01 -9.832697833918467856e-01 -7.164086438619617254e-03
3.545451718006920050e-02 1.016374556737059454e+00 -2.714521805327181365e-03
2.013575706877826776e-01 -9.937350646727971526e-01 -1.343100040759613589e-02
-3.961452858143746369e-01 2.464478646774881376e-01 -1.928200527130465025e-02
2.187482604663173180e-01 -9.814695748598959435e-01 -2.009550016176205912e-03
5.921838800827278204e-01 5.904652917090742748e-02 1.925543082433955541e-02
-1.562296972106902437e-02 1.039687506552892771e+00 -4.007846729852489187e-02
-4.100547613335543962e-01 -5.184594653577061507e-01 6.104033112498614185e-04
6.890067234604949076e-02 9.910235142416449206e-01 -3.310694281974978920e-02
6.063846493011759708e-01 -2.941257541908088302e-01 8.930757309078732331e-03
-4.136555562647130091e-01 5.730859321663727135e-01 6.769433828053940568e-03
5.807732176655455714e-01 7.344580421230286760e-01 1.717329126115553148e-02
-3.826380167343627070e-01 7.907571794240374485e-01 -3.565201846378202814e-03
5.817658667403661221e-01 -9.718605412427787638e-01 5.672692200717034151e-03
5.976821888267586091e-01 -1.003752460175419969e+00 9.353460430941536652e-04
5.955787853056239145e-01 -2.390408068021888932e-01 -1.496852883482114975e-02
3.416408092164935351e-01 -1.005020848551106960e+00 3.193242806035585801e-02
-2.417134779771917541e-01 -1.027417549133309072e+00 -2.159348150111378359e-02
-4.284419925082568192e-01 -3.719201159841928339e-02 -1.053794978332598872e-02
5.243150058570482386e-02 -9.924581656678391761e-01 4.139403739142166749e-02
3.007346840177619329e-01 1.013221398004348073e+00 -6.631545406809063840e-03
-1.445860778677053593e-01 -1.006465504162206148e+00 1.980310014597092688e-02
-4.198257570702826347e-01 5.988084325313394185e-01 -1.302848307058134328e-02
5.313097258420598212e-01 9.862108211010873760e-01 1.861965757026923934e-03
-4.193271109359578142e-01 -7.376728445588733862e-01 1.212333346016405446e-02
-4.117483892411369362e-01 5.277244392993751809e-01 -1.574547539583098441e-02
6.107072723485515997e-01 5.267676424231428067e-02 -6.356375134773348831e-05
3.534286092909924570e-01 -1.018071103249404308e+00 5.161132180997582072e-04
-4.082841498957813231e-01 5.286622644535959870e-01 1.182048195944917189e-02
4.423031254353303465e-01 9.999439571352569667e-01 -1.769728250040536813e-02
-3.960534823395778781e-01 -7.006280015661615623e-01 -8.508844460347826698e-04
5.186889565316611383e-01 1.002954159239149101e+00 -2.264882670841240550e-02
-4.217546682608191988e-01 -6.692183490417903391e-01 3.955085120796368245e-03
-1.556468269276679584e-01 1.008461955478306527e+00 -7.544996489200290514e-03
3.576596923544505396e-02 9.834176828446801188e-01 1.247341478710824354e-02
5.974953410658582209e-01 -1.099841000979540351e-01 -4.124823829276283438e-02
-4.223335878251602282e-01 -1.563709675536240074e-01 1.507546398349078783e-02
1.132687761982096794e-02 9.964813759844993735e-01 1.478678072934767364e-02
-3.815657828245369587e-01 -3.316695582158047384e-01 -1.072208857910166013e-02
5.532839738473456226e-01 9.295290208835715884e-01 -6.247063668958083987e-03
-3.572305162385042698e-01 4.610968213150700157e-01 -2.758609942000046517e-03
-4.123848613300937771e-01 7.254115849790593318e-01 4.233990546101916441e-02
-4.473121386988528903e-01 -8.860658390881813729e-01 -5.185850824871092446e-02
-3.144344471206052538e-01 1.012822261039142635e+00 2.844906528534582590e-02
5.963903121660165674e-01 6.135206917108348978e-01 1.819767996945509392e-02
-1.612533807867324448e-03 -9.855592678681421859e-01 -4.439970249913494094e-02
-2.795466953088691087e-01 -9.800416669426660343e-01 -2.294273690260218226e-02
-1.353009214885350642e-01 -9.709514252931199518e-01 -7.350395747982402597e-03
6.172085424406006382e-01 -8.022838554135787170e-01 9.066190543354859382e-03
-4.224080871402167703e-01 -8.325794788074990516e-01 2.631878244808951925e-02
5.816601738026730972e-01 4.520214561336697856e-01 -3.203968065347192464e-04
4.561042349760155434e-02 1.000867245784099469e+00 2.323157563346671135e-03
5.007803840723923372e-01 -1.007815934196585994e+00 -1.486224007969545041e-02
-4.047656353961037734e-01 3.581430721045077981e-01 1.848045182545401954e-02
-4.143385206863454684e-01 3.865956086506995848e-01 2.455826625736739349e-02
-3.749652129252019073e-01 9.716373406958105363e-01 1.095749547459224683e-02
5.930022287730950525e-01 8.201902717453592173e-02 1.570230662597645738e-02
8.400290679308744513e-02 -9.967293972939332836e-01 -6.056436983409726159e-04
-4.110139137349774763e-01 4.893760286311885088e-01 7.661758670915377357e-03
3.531015366324857796e-02 1.010472387959673091e+00 -2.068135200879739691e-02
-4.086206927785375753e-01 2.907221876520866832e-01 -2.984895726438846486e-02
5.576436111658286121e-01 4.634504190492574338e-01 -1.638192944288877767e-02
-1.048010653441285023e-01 -1.003252813667964150e+00 9.975678920378715925e-03
-3.869405147481552176e-01 -8.693968510281748774e-01 -3.922458349223380963e-02
-4.104826557220187522e-01 -1.469013973734887568e-01 3.031193997282394942e-02
3.180080755356184397e-01 9.961692581928368595e-01 -1.384893307689290948e-02
3.598169393987004083e-01 1.009320753451862895e+00 -2.592249884629892198e-02
-4.402654881662226294e-01 -3.840726323725194846e-01 8.567642867667807707e-03
-3.217129880145556120e-01 -9.798668747623200392e-01 -1.347719602414918123e-02
3.911780326569967992e-01 9.929940403181397590e-01 -1.997668110366161709e-02
-4.192863266988384185e-01 8.986980694615493981e-01 1.693857240841589382e-02
-2.366629109453932678e-01 1.021960615894140556e+00 1.225746884651655530e-02
6.080291606440206831e-01 1.539990641200238153e-01 -1.366679863912820606e-02
-1.102226511652848462e-01 1.026728294264531272e+00 2.879177859997941909e-03
-2.452708411539975542e-01 1.001577948568728837e+00 -1.606108489976730558e-02
5.898639893388922806e-01 6.501978027677496330e-01 3.889216863806039745e-03
2.883063290290788228e-01 -1.017277857908393868e+00 4.829680322074602489e-03
5.198031156536533359e-01 -9.949551184512708257e-01 6.262246091154559553e-03
-8.140215959659297118e-02 9.908602002467590264e-01 -1.821344707884538444e-03
-3.950158160130345930e-01 -1.816127856335991997e-01 2.128281648988900390e-02
-4.598743989701830626e-01 -5.331095437228628997e-01 -2.976138075607023120e-02
6.019841628121629373e-01 -9.647157866354620637e-02 1.415038181457715580e-02
-4.250301817725267162e-01 1.456393040136593209e-01 8.109037168691749300e-03
-4.110723293540895495e-01 -9.292591361678339545e-01 -1.590471244327123362e-02
-4.237300979897742903e-02 1.008559286347586514e+00 4.016382939035074984e-02
-2.680569433154189607e-01 1.030307592931088090e+00 -3.848271402221719456e-02
-4.220868818431446901e-01 7.442214287968729192e-01 2.163511382319188367e-03
-1.531501911654720716e-01 1.006869650938437610e+00 3.515430220622837304e-02
5.661144261037747150e-01 -6.202082990679197438e-01 8.153697961736991809e-03
6.011131189115970219e-01 9.057470799877277434e-01 -2.541978826894395610e-02
-3.801150346997617113e-01 5.332216529364905977e-01 5.601118655534352044e-03
1.003133574300182074e-01 1.028328580669732428e+00 -2.770174779762898942e-02
6.128782804789878469e-01 -5.660386643724441003e-01 -4.973241816109791498e-03
-3.951445997578425517e-01 -5.364839895379626133e-01 1.017481883063669872e-02
6.320749393653684045e-01 8.238264627044489252e-01 1.684984727042484684e-02
5.874938633672313060e-01 6.555930016221295231e-01 -2.095477373511032970e-02
3.419403587909177755e-01 -9.998920841884195720e-01 4.610203516202058746e-03
5.924577846728165120e-01 1.825782788146243230e-01 -3.135332853450056943e-03
4.085979339807656596e-01 1.036268987926723728e+00 -5.127453532487735895e-03
5.894719820964255952e-01 -9.918140121944786225e-01 9.907743677448198338e-03
5.701615624795088877e-01 2.017544322152804714e-01 -5.950002040790498825e-03
6.062920187644217362e-01 4.684163032100386870e-01 -2.069993072485453584e-02
6.052602006084204511e-01 5.821806014656195627e-01 -2.493974430304176856e-02
-2.170925892835863513e-02 9.906011382369286355e-01 4.315563541710602108e-02
-1.273674420096278792e-01 9.819249420911069226e-01 -3.475737034373499717e-03
-4.140119126692577978e-01 -4.333527921615748513e-01 -1.244537896812853740e-02
-4.102874604538758740e-01 3.731038674239868791e-01 3.959683741541476787e-02
5.768135426867658788e-01 -7.660394741457579038e-01 -4.485800864723917675e-02
-6.712300057317160951e-02 -9.708391917015165573e-01 -9.317896918416729594e-04
-2.613137587619387414e-01 1.029893621376541946e+00 -1.528828327034044594e-02
5.999906088647551927e-01 2.071316299629763213e-01 2.476592477881968749e-02
1.253913540090275391e-01 1.039668618969960212e+00 3.069433538448346124e-03
-3.102124449104190496e-01 9.803984886035352897e-01 -5.174561659750269438e-03
6.197594743511285476e-01 6.283475278134150743e-01 -1.539511815083880733e-03
-4.146107437971565113e-01 2.815055247041617359e-01 1.723418717844852949e-04
3.534246022702308143e-01 -9.893254434882186032e-01 -3.071395545401732138e-02
-3.845432787627889870e-01 1.949194519971277351e-01 -4.781962392887530860e-02
-4.082670217851664396e-01 -2.806414748790499458e-01 2.974636814517365307e-02
-3.924746214847290582e-01 -3.996633269639561781e-01 4.517165461151665534e-02
5.977146591002657772e-01 3.649058998255657466e-02 -1.577418804906627683e-02
-1.804229616336783526e-01 1.001921239198207303e+00 -4.412069817918312653e-02
-2.859771514643412171e-01 1.020924662580205089e+00 7.659312999521831339e-03
-3.896299763146406359e-01 1.062539287756879558e-01 1.625610404037203206e-03
-4.301796152070830881e-01 -6.452230568828487556e-01 -1.088712090540559264e-02
-4.024521188507764746e-01 -3.203118312252912214e-01 -2.428653943238599788e-02
-4.015630968002624201e-01 9.952348017384463619e-01 3.156043485408756982e-02
2.499226706795116063e-02 -1.011984759513768983e+00 1.374966005366945986e-02
2.546592585541940790e-01 9.693452838127690763e-01 -1.085304493502957900e-02
6.201796476867884600e-01 2.138636006744490739e-02 -9.208363465088383396e-03
3.132596940871785751e-01 -1.508144352865657956e+00 7.618738387555409886e-02
-1.069156955363717021e+00 -2.533183448355162071e+00 -2.877126098431280476e-02
-5.128134595505308146e-01 2.180755533816246761e+00 4.544725502686958185e-02
-7.039878010520584928e-01 1.917058529025798208e+00 -8.232800474632860632e-02
1.537815219637229447e+00 1.474691696481140291e+00 3.920656177205358861e-02
-6.290410903338556903e-01 -1.820886647195830266e+00 -9.028409354026223355e-02
1.418750562403602977e+00 1.233509694063819495e+00 7.987944522713230633e-02
6.636050797153036918e-02 -9.985476192704987319e-01 -9.501574986788857702e-03
-6.540952433963684864e-01 -2.160580122476987608e+00 8.200962285585131073e-03
-5.558326439331312541e-01 -2.686467252065154909e+00 -6.178425118354929219e-02
-1.062909116962822420e-01 -1.385977207464594851e+00 7.354854878672220653e-02
1.387277538525816922e+00 -2.618859255697171484e+00 8.701568049508168201e-02
1.376377812661223832e+00 2.019178070558211857e+00 6.122259022606488243e-02
-1.311678159429141788e+00 5.821936372606018040e-01 7.283315450979904737e-02
8.379484483022103802e-01 2.217838928213842209e-01 1.767408493116376378e-02
-3.452944700351165963e-01 -5.880525776790337389e-01 4.535465730557192154e-02
1.204836407991753511e+00 -2.553897608063833147e-01 -4.131965541558677707e-02
5.353844573510211369e-01 -8.204609552218951052e-01 -8.016568511561160404e-02
-4.458956960838609263e-01 3.310680104748975339e-02 7.334505409451880231e-03
-7.244534264799191714e-01 4.436756257327534314e-01 -6.161057705981520805e-03
