3.458241569164917650e-01 1.006265996823614062e+00 4.291354482797012267e-03
3.769981853425358187e-01 1.015025669543386133e+00 -2.677093989886984021e-02
7.912285057712322711e-01 -3.261504251937457632e-01 3.785026918868649587e-02
8.313966084972478354e-01 9.605754466002576208e-01 9.587402230047191443e-03
7.916087029272243086e-03 1.000051952885379292e+00 -1.174112956716457171e-02
-1.554456646478828696e-01 6.021323550844621952e-02 -1.152015184689007300e-02
8.141393550538054136e-01 -9.387096238933357872e-01 2.122118269143970573e-02
6.028135604134503556e-01 9.887793827696937932e-01 -4.366560313096079504e-02
8.218805616461141161e-01 6.880317107574370761e-01 1.741028461018499091e-02
-1.944158353187623242e-02 1.024932195226250009e+00 3.639416343287865934e-03
8.117382292259484045e-01 -9.896368618975880382e-01 1.615680962441502083e-02
8.280157717542504514e-01 -7.291561424090632348e-01 -2.595558204999675461e-02
2.683994723508306146e-01 -9.705666289612157049e-01 2.242902522625256009e-02
2.888528063440601312e-01 1.047569800391876749e+00 1.254856445859587992e-02
6.249222892758085623e-02 -1.002434684023259859e+00 2.132010808045985140e-02
-2.133787036426056383e-01 -3.017783773834107480e-02 -6.553628918065320524e-03
7.761699509918060791e-01 -8.706851899654635130e-01 1.187556995926926373e-02
-9.530185883124529800e-02 -1.038601531255479715e+00 8.574205856989015884e-03
5.136031332150814421e-01 -9.998362142000377650e-01 -8.420311598757094021e-03
-1.767037843529303820e-01 4.400258225357778774e-01 3.287471488608742498e-02
6.329717126509644132e-01 -9.589392112166941207e-01 -1.340131358422473606e-02
7.682424062026104172e-01 -9.410314350344052281e-01 -3.853638160042854865e-02
-2.110968925492865689e-01 5.551890722638570530e-01 4.604925485756431770e-03
-1.855527807306519283e-01 -2.834961929933930147e-01 -2.693585084336315091e-02
8.271856099518735128e-01 -5.989877715397340374e-01 -7.877733164090626114e-03
-1.642843350594258289e-01 8.860108622640987530e-01 4.918770170987326338e-04
-1.874233925237054343e-01 6.411390876783780168e-01 8.824501479980118371e-03
4.273775486904127785e-01 1.016141112141725422e+00 -1.466570528183115674e-02
7.459316472983755775e-01 9.971745673532216303e-01 -2.742791586445519209e-02
8.185454554023758877e-01 -6.864204764529188707e-02 1.084799868401092188e-02
3.907106113107096101e-01 1.019782464770101704e+00 -3.190869390186436977e-02
7.676864774452921703e-01 -7.416144336285216410e-01 -2.675078562358471773e-02
8.154356513991569688e-01 -9.421279287492867471e-01 1.263399896473175847e-02
8.174057934901265421e-01 2.692653211018934956e-01 -2.736911639785169145e-02
2.980943339772075262e-01 -1.013945322539442362e+00 5.683733833769882837e-03
3.125806757537569203e-01 9.859203337868672756e-01 9.264831291304365460e-03
-1.770770765107313738e-01 -6.956571413817516092e-01 -1.164562961526243584e-02
7.965766580702791089e-01 -1.861438850821948293e-02 -1.181520782979621903e-02
6.574801480769999484e-01 -9.949062438187877833e-01 -1.329311772169680141e-02
4.636410951572697559e-01 -1.000152390151902271e+00 5.418742377386962655e-03
2.343330637511039927e-01 -9.922377835924047762e-01 -1.896842174029571282e-02
6.025265272070041700e-01 -9.878596503309152732e-01 -1.064091100764891738e-02
3.519872746449307921e-01 1.033936589132039341e+00 -1.222914897496613779e-02
1.912149851010363777e-01 9.941673766322827177e-01 1.385443264614878017e-02
7.969867025136886385e-01 7.860286161468580390e-01 1.337312751783400512e-02
3.430966016067523161e-01 1.015971263502889688e+00 -8.064048052938100827e-04
-1.744931516486480927e-01 1.018101603931708565e+00 -2.699420342801071154e-02
8.489272015136340999e-01 4.360887652208308429e-01 2.912253886609331502e-02
-2.491373063090147610e-01 8.888851687716504690e-01 -4.215160848940157495e-02
7.236087992743588382e-01 9.589872707364218707e-01 -9.696745654718933252e-03
3.034988419045178132e-01 9.847113399828859581e-01 -1.324009342887576615e-02
-1.634535667388010427e-01 2.035371967430177342e-01 -4.258033916543602082e-02
2.327448330229455742e-01 1.029126212688343145e+00 -1.645197071501863437e-02
4.006506140358499779e-02 9.999309268812706097e-01 -1.877177752350095777e-02
-1.679262183821598198e-01 -3.706238633175871766e-01 -8.702315200672654238e-03
-1.877131185410030600e-01 -2.470067782037629611e-01 -2.036220062204029818e-02
7.852275087843646473e-01 -6.921478264733107455e-01 -1.108312539723391816e-03
3.268916004031081068e-01 1.046611051259408232e+00 -1.963342172367370242e-02
4.694496774492986635e-01 9.701984761712763028e-01 -2.605913986812247174e-02
-1.706145475253886129e-02 -9.538390300452692649e-01 -1.130455952827458428e-02
7.979343060125123621e-01 -6.953113563682192799e-01 -1.572102803976100152e-02
2.289419988072967649e-01 1.016661085762855521e+00 4.417821101902399267e-02
-7.764630728295748852e-02 1.028674731699833256e+00 2.482185793828092790e-02
4.098555166280048456e-01 -9.786831943799131350e-01 3.878394899733063079e-03
5.832326811284935797e-01 -9.654138868985032707e-01 -2.321354584719338351e-02
8.226458587216923801e-01 2.195322626750950967e-01 2.098655564439371596e-02
5.708798492164264271e-01 9.918729374152727152e-01 4.075040633607275586e-02
-1.084662103764148650e-01 9.973113418514650830e-01 -1.122452649633667691e-02
8.017391656815194001e-02 -9.774166109292518057e-01 6.579520661803316302e-03
-2.049723370728662453e-01 3.431390693073719800e-01 -8.797662669950174694e-03
7.402972835515773953e-02 -9.978728161108821881e-01 1.630214437583963477e-02
4.525815707785760256e-02 -9.909412150106512440e-01 3.207317565182915553e-02
8.317748653599964515e-01 -3.011187270790058323e-01 3.214194997935691106e-02
7.547503572497667179e-02 -1.004932860420943541e+00 -4.428207120699988869e-02
-2.297434150546670550e-01 1.197294549200284691e-01 1.369159397438634955e-03
-2.195947946576085885e-01 1.522502795693727873e-01 9.146382577471738606e-03
4.192638309566590338e-01 9.996990272075689798e-01 1.120009479914466956e-02
7.982062546553554405e-01 -3.186014204422061291e-01 -3.946276638929251818e-03
7.180371404218107712e-01 1.030414488137146201e+00 6.488377535074702136e-05
7.960482416999036248e-01 -1.017167881534498663e+00 -1.426984488983488834e-02
4.509576382850476461e-01 1.023284862410719809e+00 -5.852810891937901099e-03
-2.183445380874340092e-01 -6.926564725787950350e-01 2.799942813069225545e-02
-2.056714611006796589e-01 -8.772170031585768690e-01 3.953044256855755417e-02
-2.084561347562443601e-01 -1.420656064600677726e-01 -1.247462799650243467e-02
-1.654036370458477345e-01 1.466424727554870300e-01 -1.303498924802163825e-03
6.626954031910665677e-01 9.989511650700031442e-01 2.945086559404888615e-02
-1.521183377695014272e-01 -9.677247030697903041e-01 3.760255055342859309e-02
-1.992677317116160057e-02 -9.923494372117752649e-01 1.478878112188938831e-02
1.247107965946979424e-01 1.004281892773972729e+00 -2.865201429974225528e-02
-1.934470244081922530e-01 5.800156535377760936e-02 2.967169346442507030e-03
-2.100513423191835982e-01 -4.970657874990408454e-02 4.345895321201680497e-03
5.473982800350322142e-01 -1.001857201893800120e+00 2.674701265935253147e-02
-2.004284285039711067e-01 5.768667582384243708e-01 -2.445027209528850484e-02
3.252331534939316149e-01 -9.475403458545815782e-01 -2.987164822041663698e-02
1.218911523154676962e-01 1.020672842086591370e+00 -8.930381495778412504e-03
8.050899493168576226e-01 -8.213714160670129161e-01 6.118423225890572831e-02
-6.922966227300184072e-02 1.008067147502894612e+00 -1.377661572098131879e-02
8.675088217758305520e-01 2.359244090778678804e-01 -1.128169983122458489e-02
-2.095639143629430823e-01 5.644405023644113450e-01 -2.128813288014717864e-02
-1.815152064324696557e-01 -9.975339048561968625e-01 1.887174287738450917e-02
-2.355622663196527133e-01 5.979165621798161051e-02 -1.422221862882616303e-02
-2.047040258362364529e-01 -3.367692931591597105e-01 1.673401848351608115e-02
-1.225448101343112745e-01 -1.007401690058599808e+00 1.959665830999386335e-02
4.540603678658481912e-01 -1.013534712650615344e+00 5.394387779343070601e-03
1.421588803645364163e-01 -9.988547436123205170e-01 -3.394593541195570219e-02
8.223919160579646892e-01 3.954080293953377012e-01 -1.019078506168351154e-02
-6.637243501106734889e-02 1.015125799990842070e+00 3.441161374716340815e-02
-1.537172740022786366e-01 8.603549208873003673e-01 -7.247978245675645165e-03
6.148082497774658844e-02 -1.027928458589348448e+00 -1.375026777209488460e-02
1.457334792168059681e-02 9.793490944788398878e-01 1.578952689117891703e-02
-1.591043158975087579e-01 -9.844526150610327653e-01 1.139433902329169829e-02
1.655812715891501197e-01 9.999776072400883287e-01 8.968785759305991298e-03
-1.047222030151460925e-01 9.998077440987744868e-01 -1.859681566464448099e-02
8.327521711085941192e-01 3.762522029346923591e-01 1.898684200006128114e-02
4.177198460572926209e-01 1.008415395488004629e+00 -1.372445633495069511e-02
5.704121820012577615e-01 -9.989410638705751300e-01 2.622291883370250418e-02
-1.547492295286838626e-01 -4.504696205702782286e-01 -1.500450584271142626e-02
-1.938152307214929537e-01 -9.092389561527889352e-01 -2.871625533656282578e-02
-2.185552697445162507e-01 5.243898765741823453e-01 5.292785168436318216e-03
7.903037331885393035e-01 -9.832723348930939578e-01 3.932193346387203269e-03
8.219635372946368923e-01 -1.261793742397716578e-01 -7.520403576470717673e-03
8.103185095590220710e-01 -7.794880678733238089e-01 2.010331478867962828e-03
1.349199753187356188e-01 -9.857412696957469356e-01 1.256019567296388049e-02
8.200920981084831585e-01 -3.271220899251078840e-01 1.080990549588707432e-02
8.154951276075720346e-01 6.584037441070055285e-01 1.764856964220697447e-02
3.066918146741782203e-01 -1.029753323829183165e+00 -1.676262885477316014e-02
6.157855236481231120e-01 -9.793379779859184842e-01 3.543428944138519911e-03
7.748456523150537567e-01 5.855473253260955191e-02 -2.058869235295754732e-03
-8.524338254647619018e-02 -9.858108997701154896e-01 -1.220793637027846323e-02
7.933591231840366742e-01 6.747471747954305599e-01 3.043675511861286542e-02
8.326222021705815823e-01 7.818188751336998532e-01 -2.479000989006931513e-02
6.007090205608749817e-02 -9.831492548721683100e-01 -2.194770039587083145e-03
8.762794415472667797e-01 -3.139120396397405144e-01 -2.639081789422311614e-02
8.021579276405139680e-01 -1.836327359311258067e-01 -1.185265942032480771e-02
-4.309161618396503690e-02 -1.025362333377227264e+00 -2.553831720235133843e-02
8.475316149276870825e-02 9.966153837006718197e-01 8.974253561007741742e-04
-1.672119262287999897e-01 -8.686835077850611764e-03 -1.445858638625400865e-02
8.013640854913676170e-01 5.932602416417497304e-01 -3.745422899992339322e-02
-2.084785285713247893e-01 -4.057720106267592164e-01 2.144134114313989148e-02
7.998599477291951088e-01 -8.584584235363350579e-01 -2.700238764601539318e-02
-1.931077323323681649e-01 -5.389257394485347241e-01 -5.440545882706893099e-02
7.384530305911447545e-01 -9.987424553401872407e-01 1.153849333019386393e-02
8.285254996461319799e-01 2.949099894745689787e-01 -9.277204536622968983e-03
-1.123809846218433300e-01 9.731847624138373343e-01 4.517568004405162450e-03
1.409108328709713087e-01 -1.018988421046354675e+00 -3.266151503983898141e-02
8.382029011898622928e-01 9.638002977904103208e-01 -4.631688227838663859e-03
7.918034517472226641e-01 1.742707308503919084e-01 -2.321513810225790957e-04
-2.155233638957135545e-01 4.561794232741403499e-01 -1.370890013262648748e-02
2.089749794127575278e-01 9.997859705147577047e-01 -4.404082785124776634e-04
6.716259420302269634e-01 -9.681451188607015368e-01 2.499387129530582924e-02
-2.262506192178422304e-01 4.760416316307021778e-01 -3.411237723841552966e-02
1.670609495517245413e-01 9.996046269767400183e-01 -6.793371657857937007e-02
8.401640694122333164e-01 -1.814415580001262351e-01 -4.316972903877498713e-02
-1.670862178941322218e-01 -5.594671566717511757e-01 -1.557210072557387026e-02
8.167630161481752582e-01 -6.885032281665057763e-01 3.753592907460583106e-02
5.044699797339831093e-01 1.020644254918220417e+00 1.417611018803240953e-02
7.980960777982359922e-01 -6.980996062726873008e-01 4.667208275297571145e-03
8.074400365354790221e-01 5.039186648656063250e-01 2.108940801659553790e-02
4.803028847324919415e-01 1.003583359357443250e+00 1.016295433044392058e-02
4.496140673260511367e-01 1.032034456102829179e+00 -3.649179869089027532e-03
5.646804628811438187e-01 9.959019952702230505e-01 -3.209493083931421603e-02
5.398251377103359117e-01 -1.036460500136443308e+00 -4.397034469883636526e-03
5.827599803361935837e-01 -1.007916569475555857e+00 -2.749760066354442738e-03
6.198362446952185856e-01 9.731856058585087732e-01 -2.501752046866772064e-02
4.182959572834210604e-01 1.007829917768821026e+00 -1.571943483573916972e-02
3.537203028079440870e-01 9.823332935019726264e-01 3.497757941324067948e-03
-2.777017640309892635e-02 -1.028592485736377071e+00 2.392357013053640971e-02
4.507278533273015864e-01 -1.011584527320870786e+00 -2.889072230233589653e-02
7.917375186500416051e-01 4.177950140286788017e-01 9.283573382067410520e-03
-1.946419286912170199e-01 -3.013089697441921899e-01 1.545008405544434464e-02
-1.896299115045936012e-01 2.623055031998163811e-01 -7.476721162718595083e-03
-1.384493573691840396e-01 1.811328347516322490e-01 -8.514002152431924403e-03
5.666103533789240698e-01 -9.814997753909732170e-01 -1.906849831139067683e-02
8.304126925932993064e-01 -9.000217572888442596e-01 -5.878964984034542197e-04
2.836178201266773558e-01 -1.018187134257648951e+00 3.701838191426964821e-03
8.032978184918097009e-01 4.244163478622920982e-01 -1.287027949146028576e-02
7.543281562777086613e-01 9.917508316184412420e-01 -3.355545122277235354e-03
-2.167644653831919399e-01 2.860594501535896339e-01 8.353984303292046054e-03
-1.967681514879950078e-01 6.764715267764440654e-01 9.920547880892808396e-03
-1.785183117649186690e-01 -4.261596017287938021e-01 9.245783924452776956e-03
8.044904212233633389e-01 -8.100360707430711571e-01 2.881114671750512057e-02
-1.628773550741831888e-01 -9.747920309348473422e-01 1.315985432565683127e-03
8.117439184862993429e-01 -8.756500418616431913e-01 -8.345834084284423082e-03
7.933425721041951206e-01 -1.774575903576841029e-01 -1.243743837289022465e-03
7.391228007767658426e-02 9.795819240072278777e-01 1.918911175500685393e-02
2.671060926979236527e-02 -1.019728832909713834e+00 2.585306267712396758e-02
8.371689252390680791e-02 -9.850248625080058051e-01 -4.168061122593197387e-02
-1.455797204823056079e-01 -5.624530825397661138e-01 4.370880070159175942e-03
1.386147295339515972e-01 -1.006906364199622761e+00 7.176022592821801847e-03
7.870770871303901517e-01 -4.605833951305471907e-01 -1.295560777380267044e-02
-1.786682448548879976e-01 -1.032362997805046367e+00 3.443722585734492608e-02
6.898281613550972802e-01 9.804233280054789335e-01 1.494141997511852851e-02
-2.232647889436624733e-01 3.087158712778864667e-01 7.200125947794267477e-03
-1.909212012451134144e-01 -2.498650132392111201e-01 1.094505459716197358e-02
7.945047048256019817e-01 -8.041404287602396117e-01 -1.727646845611119754e-03
7.969531289459190759e-01 -9.546260721024271145e-01 -2.123231399451004555e-03
7.787699147454730797e-01 3.345447088889328402e-01 -1.060667260041505203e-02
-2.055354971027232025e-01 7.185664395825125395e-01 -6.489544410010874946e-03
-1.817232971664370367e-01 -1.296092468771870287e-01 -1.765743914109376561e-02
-1.890411733681691409e-01 5.036446788633309746e-01 3.001310432713236859e-03
1.466464318045504367e+00 -7.460688399386015135e-01 7.004796427834608652e-02
1.149739327660585175e+00 -1.970956815655756866e+00 -7.001508102576259329e-02
-1.058015260534391988e+00 -8.057376679325658486e-01 -3.060208624773363972e-02
1.351356511527902704e+00 -1.163515389750398477e+00 -1.866320181423612723e-02
2.957691549098522277e-01 2.273553500934731630e+00 -2.416773378152352325e-02
8.365664249065112301e-01 2.362344524132575785e+00 -7.749079922945117938e-02
5.762390082859614182e-01 -5.420520612775447944e-01 -5.243601049113111312e-02
7.351881648698221916e-01 2.154932801162197542e+00 1.378707113921553984e-02
1.243093911653604167e+00 2.288078846838211611e+00 -1.777236163690779081e-02
1.443358970496154914e+00 7.791293858630656821e-01 1.835481514264429570e-02
1.553316626832859093e+00 4.577126195509571005e-01 -2.218350032729141108e-02
4.678901578690659591e-01 2.053079236173284805e+00 -5.867270629430423878e-02
7.266029019057325122e-01 7.778464634464494765e-01 -3.041684609273132001e-02
1.044355141666924780e+00 -1.113954840077511665e+00 -8.452863856140668819e-02
-1.118954085901417095e+00 2.033104674907785459e+00 4.890902896471635564e-02
-7.363571612254176113e-01 -7.033029834463624397e-01 5.893519741657152200e-03
1.312310586238890853e+00 -2.764427230542294112e+00 -3.780165007328999821e-02
1.021092498764436751e+00 -2.931800029117759721e+00 -3.926156184672430216e-03
3.659418338953628336e-01 -4.025323284201896001e-01 8.920497638569280241e-03
-9.773157016082406612e-01 -6.013230811763405903e-01 4.110466836247797517e-02
