-2.572175415215427474e-01 1.467572607370283833e-01 3.181051981606657780e-03
-5.208000983289180763e-02 1.027724897218922129e+00 5.509616351477178257e-04
4.338700504491778687e-01 9.824413990372026229e-01 1.301651106552318034e-02
7.646970189918522731e-01 -3.682860142602313869e-01 1.888553634575934961e-02
-6.430265062393705766e-02 -9.947519496170267317e-01 -6.024737894615753500e-03
1.672228468960170467e-01 -1.002319649231528276e+00 9.220507738677267973e-03
6.263123181431362596e-01 -1.002023054188197371e+00 1.194850438169269002e-02
-2.455147125692840604e-01 -8.232018531041163101e-01 -2.281908854555685442e-02
7.572065882515711666e-01 3.674207254140601786e-01 1.981211394434119824e-02
-2.375090604998129629e-01 9.728724806682037540e-01 8.510757666920484854e-03
3.998638552134468060e-01 9.829301391578307845e-01 -2.371550693651306579e-02
-2.322218205895497378e-01 -7.845569553028814980e-01 -2.219027881251973283e-02
-7.355556289667264380e-02 -9.623152510868560050e-01 2.151723412898793111e-02
7.225729922366734836e-01 4.185707439551378251e-01 2.104357954786225879e-02
8.661799366030976943e-02 1.010680397465912872e+00 1.120611988702085310e-02
-2.560373801744402766e-01 -3.640404968132130437e-01 -6.045157301672716976e-03
7.562370728497849193e-01 9.752521071374091743e-01 -1.203773629813940406e-02
1.751647014465504137e-01 9.844944087352632822e-01 3.401992053432557200e-02
1.062982885579894510e-01 9.917622944973260024e-01 2.843861408307657435e-02
-7.853080185208725222e-04 1.010494231605618687e+00 -9.651482791237312939e-03
-1.469388589596046235e-01 1.006761024149394501e+00 -7.529932477554327278e-03
7.933345345109351632e-01 6.303681206085349764e-01 1.342945577700773579e-02
7.264531366265074563e-01 8.324458806912590214e-01 2.031367041884197394e-02
7.929126154251424641e-01 -7.891481533834753259e-01 1.855367852323707920e-02
6.968464785829183716e-01 -9.865546455347704580e-01 3.396951688007427556e-02
7.098848404610117457e-01 -1.015680790982182335e+00 -1.888077843948421028e-02
3.583269487638396367e-01 -9.610408657195897986e-01 -2.066305798606501293e-03
-2.335081842806480679e-01 5.910859227132020388e-01 1.405851989116732072e-02
4.062500021962909824e-01 -1.024267413829870632e+00 -5.618551307766421997e-03
7.724909437919067479e-01 2.434658386998665366e-02 3.970453054657061519e-03
1.532013753959698410e-01 1.014817143283835543e+00 -3.217097378508193550e-02
-1.987602228550185146e-01 -1.006682866168191470e+00 -9.823227360636189662e-03
2.055228140641539025e-01 -1.000807252661744418e+00 -3.456903792561410310e-02
7.652288000143994129e-01 -2.423098631621038723e-01 7.161793007153069868e-04
-2.878838301415451856e-02 9.749200640728398204e-01 -1.885344061642315813e-02
-1.002740042120047054e-01 1.004841512032675022e+00 -1.044625175360389992e-02
7.595569888323364660e-01 -1.231075438936656274e-01 -9.800932443282834097e-03
-2.019762898770640636e-01 -9.985776318552676001e-01 -4.849346298475810252e-02
-2.851074050763139911e-01 2.456686246751603464e-02 -1.708831273150858768e-02
-2.527113296542946030e-01 -7.944282247279643716e-01 1.746044966067197488e-02
7.168353352690345348e-01 -1.079189768110906111e-01 5.305071188813863942e-02
-2.532741111910633003e-01 5.211100066251994622e-01 -3.059502119706371259e-02
-2.534679614648792656e-01 -2.877495013592238360e-01 -2.223984227260035126e-02
6.397812261066644357e-01 -1.029362445854426600e+00 -2.464112067742087533e-02
7.413561452100421167e-01 3.983866500359622420e-01 1.720477636720725220e-02
2.283211812277602948e-01 -1.024319456130627470e+00 -2.324389485132133306e-03
5.341093270233912005e-01 9.783684151680359653e-01 1.217010172964230232e-02
-2.471782877914652787e-01 3.746065561722147219e-01 3.385914527144223002e-02
4.511045751634495393e-01 1.009347056399434450e+00 5.310907213183331359e-03
-2.142563608168500666e-01 -9.986720441622366495e-01 7.569091856303074468e-03
7.408093511364720607e-01 1.425887932338074961e-02 2.190172583375667864e-03
9.651744581017224212e-02 1.009507032987633224e+00 -3.034677982636183394e-02
7.048241930788833320e-01 9.890977955549850043e-01 -3.749436538332486966e-04
7.531375494309830998e-01 8.902563067433134636e-01 2.614415253297801625e-02
6.069631270786490784e-01 1.045057274069157272e+00 -1.713169700607426391e-02
-2.538683256851211323e-01 4.640111417352303924e-01 -1.699408731632348277e-02
7.407392015702527477e-01 1.444137680500421905e-01 -2.626929789269259047e-02
-2.051359495751339246e-01 1.068159353132747125e-01 -1.248379728876551110e-02
3.098076448651230774e-01 1.015511957818762578e+00 5.416822001139329039e-03
7.655484136402854745e-01 3.362525064334966896e-01 -2.751832333676303491e-02
-2.516450843729543529e-01 2.335744221984009383e-01 8.400419469313176110e-03
1.762815804334157965e-01 -9.763310585668020236e-01 -1.521635299407662033e-02
7.997271361385327459e-01 6.907946036787715460e-01 -2.083555299136369970e-02
7.571290394450463923e-01 4.312708338770212535e-01 4.676004149092852918e-02
6.889494511864492632e-02 1.022462678305015693e+00 4.844207411512272549e-02
7.623515942145902002e-01 -9.511509673233111695e-01 -4.064057117127793835e-03
7.621075492789084471e-01 6.913754167489701841e-01 2.566983807909101710e-03
7.783229838991685412e-01 -8.421671284718929007e-01 -1.479581925299805305e-02
7.939503455512333385e-01 1.007773676351049863e+00 8.094147814374307026e-03
-2.393833713012501752e-01 6.602666918784765027e-02 8.662741602228404142e-03
7.674011629792317768e-01 3.292375271831591288e-01 -7.513001300385090987e-03
-2.211288955555923974e-01 8.089398869956110349e-01 1.490384566660627949e-02
3.421769737268602618e-02 -9.593142066308421034e-01 2.336080739027979365e-03
3.467625402780425414e-01 -1.003935261107356425e+00 -4.996841984851724261e-02
-2.534433051382994351e-01 -8.512114322331759686e-01 1.491568277892342358e-02
-1.639794648091455476e-01 -9.943337558514926400e-01 -3.282892991578023178e-03
7.908517945288772166e-01 5.472194487784111105e-01 1.710274174710564284e-03
3.398165586429297558e-01 9.863164896153702177e-01 2.381848296840608295e-02
-2.271440734847714471e-01 -5.764418947387863756e-01 2.539743230152688089e-02
-2.152281605180696167e-01 4.331514375595955646e-01 -3.289502761871133246e-02
4.380278602632423635e-01 -9.713188390275138140e-01 -1.985266046295503309e-02
5.207017536671667557e-01 -9.919438160460614107e-01 -4.633905179010541081e-02
2.807868946094999596e-01 -1.013252680409131745e+00 7.645122671777301177e-03
7.571177970327330753e-01 5.830297198185420138e-01 3.336882460425349278e-02
7.351882339417142864e-01 6.844601940222965197e-01 -2.735428962071921946e-02
7.573112028288313535e-01 3.971990507033862361e-01 -2.128329959787047740e-02
7.464522910746982376e-01 5.497569964483096649e-01 1.798566243804549519e-02
7.321926341085560619e-01 1.004945008695584230e+00 7.785986092877451338e-03
7.449404580263577769e-01 -5.798030735411201508e-01 -1.602521024017930160e-02
-2.074861505101452397e-01 5.131462762296740143e-01 1.103456190848442313e-02
-2.287679830100820544e-01 1.032977422723441174e+00 4.214048494176135529e-02
7.293114379446090645e-01 1.626418348080077292e-01 2.482754567322746977e-02
-1.827542360720938730e-01 9.863547792443407847e-01 1.090707682079069749e-02
-2.607102591436585293e-01 2.583165359899039504e-01 -3.298823111746754938e-02
7.271401147482546845e-01 -9.963881945861862155e-01 -5.466144262204361776e-04
7.497785910790832897e-01 2.462568327172490190e-01 -1.233970380976182925e-02
7.371591263495910207e-01 3.913246590349798160e-01 1.300665868483235482e-02
-2.382835193421964370e-01 2.610299761691877718e-01 2.572614517105842498e-03
2.710830684838633764e-01 -9.808833457657271104e-01 -3.409308272215189756e-02
-2.095570198405023732e-01 2.202103440655485064e-02 6.447575822923330702e-03
-2.278034271749705686e-01 9.194590342754485057e-01 -6.831181536520579021e-04
-2.568908215013289142e-01 -6.873137849660895804e-02 4.532747659289686898e-02
7.297156851885427953e-01 6.931866142222774529e-01 -3.211571605735447782e-02
7.676134664008527064e-01 2.681321076946752702e-01 2.607666486922998600e-02
7.659303822152482288e-01 5.632389798388575120e-01 -2.152593112704455011e-02
-1.216518382969950102e-01 -9.883915846764799173e-01 -1.072262686440162392e-02
-9.966107108633504019e-02 9.943046201950677121e-01 2.662422440514259150e-02
6.571053594923998986e-01 1.021110881522873548e+00 1.706470618092156832e-02
7.898708193134006406e-01 -2.010985447882828736e-01 -1.633677824428162589e-02
5.811614218214192773e-01 1.018889939551456569e+00 4.911076136521906610e-02
4.755183751245862789e-01 1.002701891899004938e+00 -8.181317363224418007e-03
7.470614462960953883e-01 6.445731399387929494e-01 -1.625556796220650052e-02
-2.564870789126462713e-01 -5.737014332528016514e-01 -3.810311770332077547e-02
1.456459673583794800e-01 9.742781678953147395e-01 5.854289952727663622e-03
7.358798904552837916e-01 8.657008519848942152e-01 -1.735693784061184339e-02
7.552661435801429901e-01 1.359258070869908408e-01 -1.360988118929743092e-02
2.084755281995465392e-01 -9.992143557302262113e-01 -4.015838610352735240e-03
3.614056992640239385e-01 -9.922311970270859538e-01 -2.364299322159929204e-03
-1.357281266426414168e-01 -1.006039248100121908e+00 -2.267290919412993152e-03
-2.409522041382387292e-01 5.017295727754402801e-01 2.081955619306230174e-02
-2.497311618564624358e-01 -9.316592996285137929e-01 -2.146540853673481464e-03
6.962363013056578620e-02 9.939444665904942910e-01 -1.254690151708399981e-02
4.346066876546534896e-01 9.692481508264515488e-01 -3.834011960531852337e-02
-8.129679098752420896e-02 -1.034966075364608828e+00 2.394334621055998341e-02
-2.000734495114962208e-01 -9.958484974425521052e-01 -3.625669975099403549e-04
5.977111536775512324e-01 1.025757683633518935e+00 1.411078137138814049e-03
-2.056570154917558013e-01 -9.939957552056133405e-01 -2.322017747748152030e-03
-2.348664353497959822e-01 9.477226657462226589e-01 3.350304566591957856e-02
1.607547226779804453e-02 9.927605494217952575e-01 3.667782918904902156e-02
7.889117962129630346e-01 6.817724964665955456e-01 -1.535386378338115913e-02
8.003348595952888278e-01 -9.059218903477715967e-01 -5.267285929197384857e-03
-2.312284116143537363e-02 1.015476363566292006e+00 -9.645979246469408089e-03
7.743576349877752119e-01 -4.146337466973287755e-01 -8.901732572915191724e-03
-2.233189149549396069e-01 7.643035639688267047e-01 -8.882550113280205870e-03
6.071034956921153025e-01 9.751249394455072661e-01 1.658837919870348801e-02
7.410383626643471944e-01 -5.038827958253894179e-01 -1.592505914486766830e-02
7.642246615869106030e-01 -9.655664471218358136e-01 -5.111914630936840315e-02
7.519998519784950597e-01 5.341797748597799655e-01 8.672775164358954153e-03
1.011740513787029727e-01 -1.011695236262755149e+00 -1.110610971813329011e-02
4.019206389869378060e-01 -9.969941996249277461e-01 -2.414124387049538037e-02
5.872661625106835315e-01 9.792275792613291951e-01 1.677706971306515762e-02
3.396581109440673929e-01 9.956341064853322376e-01 -3.253173761913112638e-02
2.644119326282697857e-01 -9.995334715136212633e-01 1.189503562990259361e-02
-8.441296470878983937e-02 1.000023741846557179e+00 -3.324732126669169979e-02
-2.522066397718448760e-01 -6.908804401621668756e-01 3.416068990438177189e-02
7.892081928815914971e-01 -1.071968674409605610e-01 1.513944080466617667e-03
-2.547969926688989917e-01 3.831028788258051820e-01 1.015607183243917404e-02
3.523942648217015527e-01 9.800066599514174470e-01 -9.363720393319938107e-03
-1.171998092272477643e-02 1.014819925132468104e+00 -2.113030045884629199e-02
7.308704044558282931e-01 9.841229712802789242e-01 9.147733673971357796e-03
-2.034834981019243150e-01 -3.028040095460967640e-01 2.260617827300414467e-02
4.880926760702145734e-02 -9.999627350459346919e-01 1.654108160964094451e-02
7.538340661127372888e-01 7.240518216731155476e-01 2.508778627928690518e-03
-1.436839383975535289e-01 -9.875599051546464224e-01 -1.724761210185089821e-02
-2.372081330688338430e-01 -5.681571904238285065e-01 -1.281629532430046681e-02
7.199578394470540488e-01 -1.046646954716478284e+00 -2.793974428005396166e-03
-2.184526815236592923e-01 5.203400981101462958e-02 3.603227550649385977e-03
-1.532068913171782953e-01 -9.950508320188560241e-01 2.725719125495804779e-02
2.066699263679081522e-01 -1.004071425485682179e+00 3.396939504680596134e-02
-2.817140171177470176e-01 5.017777660996236566e-02 -9.663885004139678714e-03
3.909671331622115442e-01 -9.604171488625385944e-01 -2.252116322453236522e-02
7.259678690854445282e-01 -8.960299651570597934e-01 1.591781441165897662e-02
-4.550460948818203788e-03 -1.002819604694421995e+00 3.818222599180582451e-04
7.102709618677617298e-01 1.005696280544537746e+00 -1.400379790853960825e-02
1.966694560715728443e-02 -9.925283717838258024e-01 4.712865076470504344e-02
9.865364637267060033e-02 -9.878477079297255381e-01 -5.528871268097311151e-03
7.487554751428669997e-01 7.413765426456310204e-01 -4.283055246336660293e-02
-2.366362484694368995e-01 4.046644683684825772e-01 -1.949129484165155329e-02
-1.944320884797667293e-01 8.058654974139057847e-01 -3.892292141919001525e-02
-1.848232289887961066e-01 -1.019629446311368648e+00 2.112140623486079803e-04
-2.459026995807150340e-01 -9.442894948212768869e-01 -1.449465270551045801e-03
-1.991523830910038595e-01 -2.545885688304998506e-01 -2.499176242557375402e-02
6.741240122298246540e-01 -1.010253812437176268e+00 2.133703017588660031e-02
-2.360202942625793388e-01 -1.023427431274944954e+00 1.028946238955852875e-02
-2.235191615504927287e-01 -9.058361553606713024e-01 -3.626906775210351347e-02
7.656164644874580150e-01 -9.051346256939468704e-01 2.448482351470101723e-02
7.666899284313758445e-01 1.389054966016688986e-01 -1.659980964490581287e-02
-4.305014626194769017e-02 -9.914715991095874870e-01 -2.858837073942314955e-02
-2.389210102968500338e-01 -1.390187655836720437e-01 -1.666614773851537654e-02
7.422979055641705237e-01 -6.290232751463952221e-01 1.797406258010925476e-02
7.494941530398642193e-01 9.333462592072090391e-01 -4.956704227892949448e-03
-2.383536758716758297e-01 6.378344137135246728e-01 1.260240853200041318e-02
7.405355390927402803e-01 8.721941311913815609e-01 1.509873286223363704e-02
6.651373660909415397e-02 -9.705796234157779701e-01 -1.020856219908523183e-02
-2.257367919382816668e-01 3.075434356724084384e-01 2.281275687212765829e-02
4.666658378579974786e-01 -1.030143954235088088e+00 -1.843998474961506401e-02
7.286184885805920830e-01 6.786204441089331851e-01 -4.455813900493989579e-03
-2.554162886642004082e-01 6.997629751874503423e-01 -1.249373456147338454e-02
-1.286236658882163042e-01 1.008326876512334769e+00 6.506374680854096508e-04
7.787583934404682662e-01 -2.460924734381253198e-01 6.449494409161043995e-02
2.807713295959310407e-01 9.726307524693408313e-01 -5.950203442795425589e-03
8.036136874520084517e-01 5.461706526694759534e-01 1.415219076412536740e-02
-2.083956905639811896e-01 -9.885381555258641040e-01 4.828543049115097650e-03
-2.193621710856636653e-01 -5.127307487146718357e-01 2.414446313556575796e-02
2.846867490451825133e-02 -9.883188713441041218e-01 5.065300627395743875e-03
-2.288301706407026570e-01 -4.136857341146797928e-01 1.745839602225700282e-02
-2.072850262610006489e-01 9.872433870792886035e-01 1.537344715713651923e-02
-2.486985157837691696e-01 -8.692763466928045135e-01 -1.477952968788802737e-02
7.608174672707900266e-01 3.225315592576301071e-01 -1.301606442316496394e-02
4.530548019290113748e-01 -9.951156638988146730e-01 -4.341338916691851735e-02
-5.253921853214997828e-01 2.923575552234810360e+00 -7.551091838017282010e-02
-1.041695792846898616e+00 1.528317475465158282e+00 -9.099232093660170051e-02
9.462886630372888686e-01 -2.717462648919262147e+00 6.260658994810339162e-02
7.940153937366327686e-01 -7.917789369035563851e-01 -7.278834226875137425e-02
-9.206333820585815841e-01 1.541798306261968676e+00 8.857502020226512562e-02
1.629462776987295802e+00 -2.910029808038299137e-01 -5.810392242943691887e-02
1.325424771724525330e+00 1.760551812215716438e+00 -6.304983769611136046e-02
4.163384503992020313e-01 -1.486781354243218889e+00 -6.825722074091336578e-02
2.102420204017112493e-01 -2.606315898988125213e+00 6.952404346683085934e-02
7.117051461099606069e-01 -1.412467100198076198e+00 -5.590665145327292085e-02
8.691959996012961209e-01 6.316753887429129577e-01 -6.877007412094984784e-02
3.844516706722662658e-01 2.167963654468049839e+00 1.368070465385753942e-02
1.575420193338521679e+00 1.948423331696234939e+00 4.615398149410460116e-02
3.199080034073409351e-01 1.915982374533218291e-01 4.021924470115151307e-02
3.248734411997633575e-01 2.942320207560865875e+00 3.184845814568729172e-02
1.510863946500566657e+00 2.025948613916837004e-01 4.575355720164153706e-05
1.242328506553641132e+00 1.279657325807995072e+00 7.920202612575710788e-02
-7.505621750220887733e-01 -1.042292809130502818e-01 3.849135583384885595e-02
5.109303265803541994e-01 -1.972678971877850351e-01 4.853917151008138586e-02
-7.057769371124548163e-01 1.223076625660649341e+00 -1.411183578228761282e-02
